// 公會技能  技能樹資料
//技能ID,最高等級,前置技能1,前置技能等級1,前置技能2,前置技能2等級,前置技能3,前置技能3等級,前置技能4,前置技能4等級,前置技能5,前置技能5等級 //GUILD SKILLNAME#技能名稱#

10000,1,0,0,0,0,0,0,0,0,0,0	//GD_APPROVAL#正式工會認證#
10001,1,10000,1,0,0,0,0,0,0,0,0	//GD_KAFRACONTRACT#和卡普拉訂契約#
10002,1,10000,1,0,0,0,0,0,0,0,0	//GD_GUARDRESEARCH#研究監護人#
10003,3,0,0,0,0,0,0,0,0,0,0	//GD_GUARDUP#監護人魔物強化#
10004,10,0,0,0,0,0,0,0,0,0,0	//GD_EXTENSION#擴充組合體制#
10005,0,0,0,0,0,0,0,0,0,0,0	//GD_GLORYGUILD#工會的榮譽#
10006,5,0,0,0,0,0,0,0,0,0,0	//GD_LEADERSHIP#偉大的指導力#
10007,5,0,0,0,0,0,0,0,0,0,0	//GD_GLORYWOUNDS#光榮的傷口#
10008,5,10007,1,0,0,0,0,0,0,0,0	//GD_SOULCOLD#冷漠之心#
10009,5,10006,1,0,0,0,0,0,0,0,0	//GD_HAWKEYES#尖銳的視線#
10010,1,10000,1,10004,2,0,0,0,0,0,0	//GD_BATTLEORDER#下達戰鬥命令#
10011,3,10000,1,10004,5,10010,1,0,0,0,0	//GD_REGENERATION#復興公會員體力#
10012,1,10011,1,0,0,0,0,0,0,0,0	//GD_RESTORE#恢復公會員體力#
10013,1,10000,1,10002,1,10004,5,10010,1,10011,1	//GD_EMERGENCYCALL#緊急呼叫#
10014,1,0,0,0,0,0,0,0,0,0,0	//GD_DEVELOPMENT#永久的發展#
