// 卡冊開出卡片機率設定
// 檔案結構:
// 群組編號,檔案編號,機率
3,4001,12	//波利卡片
3,4002,14	//綠棉蟲卡片
3,4003,6	//蟲蛹卡片
3,4004,14	//土波利卡片
3,4005,2	//聖誕波利卡片
3,4006,14	//瘋兔卡片
3,4007,4	//大嘴鳥蛋卡片
3,4008,7	//小雞卡片
3,4009,7	//蒼蠅卡片
3,4010,7	//樹精卡片
3,4011,7	//蛋殼小雞卡片
3,4012,5	//盜蟲卵卡片
3,4013,5	//蟻卵卡片
3,4014,5	//羅達蛙卡片
3,4015,5	//禿鷹卡片
3,4016,5	//盜蟲卡片
3,4017,5	//小野豬卡片
3,4019,5	//蜂兵卡片
3,4020,5	//吸血蝙蝠卡片
3,4021,5	//搖滾蝗蟲卡片
3,4022,5	//魔菇卡片
3,4023,5	//沙漠幼狼卡片
3,4024,5	//漂浮蟲卡片
3,4025,5	//邪骸戰士卡片
3,4026,3	//浮勒盜蟲卡片
3,4027,3	//庫克雷卡片
3,4028,3	//白鼠卡片
3,4029,3	//狼卡片
3,4030,3	//曼陀蘿魔花卡片
3,4031,3	//大嘴鳥卡片
3,4032,3	//蝸牛卡片
3,4033,3	//波波利卡片
3,4034,3	//森靈卡片
3,4035,3	//海葵卡片
3,4036,3	//摩卡卡片
3,4037,3	//青蛇卡片
3,4038,3	//腐屍卡片
3,4039,3	//瓢蟲卡片
3,4040,3	//克瑞米卡片
3,4041,3	//松鼠卡片
3,4042,3	//綠蒼蠅卡片
3,4043,3	//白蟻卡片
3,4044,3	//狸貓卡片
3,4045,3	//鍬形蟲卡片
3,4046,3	//土撥鼠卡片
3,4048,3	//毒魔菇卡片
3,4049,3	//螃蟹卡片
3,4050,3	//瑪勒盜蟲卡片
3,4051,3	//溜溜猴卡片
3,4052,3	//長老樹精卡片
3,4053,1	//黑蟻卡片
3,4055,3	//水母卡片
3,4056,3	//獵蠅卡片
3,4057,2	//重金屬蝗蟲卡片
3,4058,2	//突變蛙卡片
3,4060,2	//哥布靈卡片
3,4061,2	//卡那多斯卡片
3,4062,2	//黃蛇卡片
3,4063,2	//刺蝟蟲卡片
3,4064,2	//傑洛米卡片
3,4065,2	//卡浩卡片
3,4066,2	//獸人戰士卡片
3,4067,2	//邪骸食人魚卡片
3,4068,2	//蠍子卡片
3,4069,2	//紅蝙蝠卡片
3,4070,2	//轉轉蛋卡片
3,4071,2	//獸人腐屍卡片
3,4072,2	//巨石怪卡片
3,4073,2	//邪骸海盜卡片
3,4074,2	//大腳熊卡片
3,4075,2	//艾斯蜘蛛卡片
3,4076,2	//魔鍋蛋卡片
3,4077,2	//劍魚卡片
3,4078,2	//野豬卡片
3,4079,2	//螳螂卡片
3,4080,2	//噬人花卡片
3,4081,2	//蚯蚓卡片
3,4082,1	//沙漠之狼卡片
3,4083,1	//草精卡片
3,4084,1	//氣泡蟲卡片
3,4085,1	//邪骸獸人卡片
3,4086,1	//邪骸士兵卡片
3,4087,1	//基爾瑟卡片
3,4088,1	//傘蜥卡片
3,4089,1	//異變魚卡片
3,4090,1	//殭屍卡片
3,4091,1	//犬妖卡片
3,4092,1	//邪骸礦工卡片
3,4093,1	//人魚卡片
3,4094,1	//邪骸弓箭手卡片
3,4095,1	//烏賊卡片
3,4096,1	//茲諾克卡片
3,4097,1	//黑狐卡片
3,4098,1	//土人卡片
3,4099,1	//帕莎納卡片
3,4100,1	//鬼女卡片
3,4101,1	//泥人卡片
3,4102,1	//白幽靈卡片
3,4103,1	//鬼火卡片
3,4104,1	//諾可伊卡片
3,4105,1	//馬克卡片
3,4106,1	//木乃伊卡片
3,4107,1	//木乃伊犬卡片
3,4108,1	//麥斯特卡片
3,4109,1	//南瓜先生卡片
3,4110,1	//綠腐屍卡片
3,4111,1	//海神卡片
3,4112,1	//馬爾杜克卡片
3,4113,1	//傀儡娃娃卡片
3,4114,1	//艾吉歐蜈蚣卡片
3,4115,1	//赤蒼蠅卡片
3,4116,1	//蛇女伊絲卡片
3,4117,1	//黑蛇卡片
3,4118,1	//畢帝特地龍卡片
3,4119,1	//巫婆卡片
3,4120,1	//畢帝特飛龍卡片
3,4122,1	//小惡魔卡片
3,4125,1	//狄奧斯卡片
3,4127,1	//夢魘卡片
3,4129,1	//小巴風特卡片
3,4133,1	//幽靈劍士卡片
3,4136,1	//卡利斯格卡片
3,4141,1	//闇神官卡片
3,4149,1	//蝙蝠弓箭手卡片
3,4150,1	//魔羌卡片
3,4151,1	//狂暴鬼火卡片
3,4152,1	//啤酒企鵝卡片
3,4153,1	//卡拉蟹卡片
3,4154,1	//元宵童子卡片
3,4156,1	//噴射哥布靈卡片
3,4157,1	//弓箭哥布靈卡片
3,4158,1	//七彩飛龍卡片
3,4159,1	//九尾狐卡片
3,4160,1	//武士火槍兵卡片
3,4161,1	//七彩大嘴鳥卡片
3,4162,1	//暴燄野熊卡片
3,4164,1	//狂暴野豬卡片
3,4165,1	//沙漠毒蠍卡片
3,4166,1	//七彩夢魘卡片
3,4167,1	//奈利蟲卡片
3,4170,1	//鏡妖卡片
3,4172,1	//紙妖卡片
3,4173,1	//天邪鬼卡片
3,4175,1	//牛蛙卡片
3,4176,1	//無顱武士卡片
3,4177,1	//森林妖姬卡片
3,4178,1	//刺尾蜻蜓卡片
3,4180,1	//爆鑽傘蜥卡片
3,4181,1	//假面鬼卡片
3,4182,1	//赤焰小惡魔卡片
3,4184,1	//熔岩巨石卡片
3,4185,1	//飛行魔書卡片
3,4186,1	//奈吉鳥卡片
3,4187,1	//幽靈弓箭手卡片
3,4188,1	//狂暴大腳熊卡片
3,4189,1	//狂暴惡靈卡片
3,4190,1	//惡靈卡片
3,4191,1	//銀月魔女卡片
3,4192,1	//直升機哥布靈卡片
3,4193,1	//南瓜魂卡片
3,4194,1	//瑞比歐卡片
3,4195,1	//群葉貓卡片
3,4196,1	//冰波利卡片
3,4199,1	//人魚士兵卡片
3,4200,1	//邪惡摩艾卡片
3,4201,1	//狂暴米諾斯卡片
3,4202,1	//狐仙卡片
3,4204,1	//狂暴小惡魔卡片
3,4205,1	//邪惡箱卡片
3,4206,1	//邪惡禮盒卡片
3,4208,1	//米雅畢卡片
3,4209,1	//薇歐莉卡片
3,4210,1	//邪骸浪人卡片
3,4212,1	//妖道卡片
3,4213,1	//伊特瓢蟲卡片
3,4214,1	//嗜血怪人卡片
3,4215,1	//火焰妖卡片
3,4216,1	//雪熊卡片
3,4217,1	//猴桃木卡片
3,4218,1	//惡魔女僕卡片
3,4219,1	//賢者蟲卡片
3,4220,1	//岩石龜卡片
3,4221,1	//邪骸戰士長卡片
3,4222,1	//邪骸戰俘卡片
3,4223,1	//鐘乳巨石怪卡片
3,4224,1	//灰森靈卡片
3,4225,1	//石砲火樹卡片
3,4226,1	//史汀卡片
3,4227,1	//彈簧兔卡片
3,4228,1	//沙妖卡片
3,4229,1	//鐘塔守護者卡片
3,4230,1	//火忍西怒畢卡片
3,4231,1	//米糕卡片
3,4232,1	//人蔘精卡片
3,4233,1	//小花豹卡片
3,4234,1	//虎蜥人卡片
3,4235,1	//XMAS甜餅人卡片
3,4237,1	//鴞裊首領卡片
3,4238,1	//鴞裊男爵_卡片
3,4239,1	//鐵蠍卡片
3,4240,1	//捲甲蟲卡片
3,4242,1	//阿修羅機械戰士卡片
3,4244,1	//鐘怪卡片
3,4245,1	//狂暴小土人卡片
3,4246,1	//風靈龜卡片
3,4247,1	//海星卡片
3,4248,1	//狂暴木乃伊卡片
3,4249,1	//狂暴蜈蚣卡片
3,4251,1	//邪靈魔導士卡片
3,4252,1	//鱷魚人卡片
3,4253,1	//愛麗絲女僕卡片
3,4255,1	//獸人女戰士卡片
3,4256,1	//獸人弓箭手卡片
3,4257,1	//狂暴野貓卡片
3,4258,1	//妖仙女卡片
3,4259,1	//機木人卡片
3,4260,1	//伍坦彈弓手卡片
3,4261,1	//伍坦戰士卡片
3,4262,1	//惡雲仙人卡片
3,4264,1	//風魔巫師卡片
3,4265,1	//豹皮怪卡片
3,4267,1	//爆炎蝙蝠卡片
3,4268,1	//邪惡使者卡片
3,4269,1	//惡魔侍者卡片
3,4270,1	//狂暴蜘蛛卡片
3,4271,1	//狂暴蜂兵卡片
3,4272,1	//舞獅卡片
3,4273,1	//貝殼魔靈卡片
3,4274,1	//腐屍首領卡片
3,4275,1	//腐屍戰俘卡片
3,4277,1	//艾斯恩魔女卡片
3,4278,1	//鬼娃樹卡片
3,4279,1	//七彩地龍卡片
3,4280,1	//邪惡向日葵卡片
3,4281,1	//拉鏈熊卡片
3,4282,1	//天狗卡片
3,4283,1	//將軍魔碑卡片
3,4284,1	//魔靈娃娃卡片
3,4285,1	//巧克猴卡片
3,4286,1	//傘妖卡片
3,4287,1	//釣魚河童卡片
3,4288,1	//卡拉特小丑卡片
3,4289,1	//狂暴綠綿蟲卡片
3,4290,1	//狂暴月夜貓卡片
3,4292,1	//犬妖弓箭手卡片
3,4293,1	//甜餅人卡片
3,4294,1	//萬聖魔卡片
3,4295,1	//克萊本卡片
3,4296,1	//藍鼠卡片
3,4297,1	//玩具士兵卡片
3,4298,1	//狂暴克瑞米卡片
3,4299,1	//古鐘魔卡片
3,4300,1	//凱美拉卡片
3,4301,1	//狂暴螳螂卡片
3,4304,1	//塔嚕安卡片
3,4307,1	//巨象甲蟲卡片
3,4308,1	//三葉蟲卡片
3,4309,1	//苗娃佩瑞絲卡片
3,4310,1	//狂暴哥布靈卡片
3,4311,1	//果樹龜卡片
3,4312,1	//海豹寶寶卡片
3,4313,1	//朽魔卡片
3,4314,1	//梅納海葵卡片
3,4315,1	//單眼蟲卡片
3,4316,1	//偽天使卡片
3,4319,1	//水靈龜卡片
3,4321,1	//兔斯拉卡片
3,4322,1	//獸人戰士長卡片
3,4323,1	//卡崙寶寶卡片
3,4325,1	//鳥人哈比卡片
3,4326,1	//海獺卡片
3,4327,1	//血蝴蝶卡片
3,4328,1	//妖君卡片
3,4329,1	//阿修羅狂戰士卡片
3,4331,1	//火焰龜卡片
3,4332,1	//廢鐵暖爐卡片
3,4333,3	//毒液魔卡片
3,4334,1	//廢氣魔卡片
3,4335,3	//礦工魔卡片
3,4336,1	//溫古力安特卡片
3,4337,1	//三葉鐵甲蟲卡片
3,4338,1	//黑曜石卡片
3,4339,1	//礦石魔卡片
3,4340,1	//玩偶熊卡片
3,4341,1	//金屬波利卡片
3,4343,1	//摩爾卡片
3,4344,3	//瘧蚊卡片
3,4345,3	//希爾士兵卡片
3,4346,1	//闇●劍士卡片
3,4347,3	//闇●商人卡片
3,4348,1	//闇●盜賊卡片
3,4349,1	//闇●服事卡片
3,4350,3	//闇●魔法師卡片
3,4351,1	//闇●弓箭手卡片
3,4353,1	//消防魔卡片
3,4354,1	//雙子星-S58卡片
3,4355,3	//小妖精卡片
3,4356,1	//惡魔之眼卡片
3,4358,1	//闇●騎士領主卡片
3,4360,3	//闇●十字刺客卡片
3,4362,1	//闇●神工匠卡片
3,4366,1	//闇●超魔導師卡片
3,4368,1	//闇●神射手卡片
3,4369,1	//紅凡娜圖卡片
3,4370,1	//迪靡克卡片
3,4371,1	//阿克坦卡片
3,4373,1	//小青卡片
3,4375,1	//獸人嬰兒卡片
3,4377,3	//綠變色龍卡片
3,4378,1	//俄希托斯卡片
3,4379,1	//灰俄希托斯卡片
3,4380,3	//紅貝勒斯卡片
3,4381,1	//綠貝勒斯卡片
3,4382,1	//黃諾博斯卡片
3,4383,3	//諾博斯卡片
3,4384,1	//三頭龍卡片
3,4385,3	//龍蛋卡片
3,4387,1	//狂暴邪惡箱卡片
3,4388,3	//死亡魔書 卡片
3,4389,1	//黃色等離子體 卡片
3,4390,1	//微風卡片
3,4391,3	//代行刑者卡片
3,4392,1	//監視者卡片
3,4393,1	//安息者卡片
3,4394,1	//慰勞者卡片
3,4395,1	//達納托斯的悲哀卡片
3,4396,1	//達納托斯的憎恨卡片
3,4397,1	//達納托斯的絕望卡片
3,4400,1	//愛麗莎卡片
3,4401,1	//愛麗瑟卡片
3,4402,1	//愛麗俄卡片
3,4404,1	//皮影魔卡片
3,4405,2	//彩色皮影魔卡片
3,4409,1	//阿卡布卡片
3,4410,1	//埃奇歐卡片
3,4411,1	//潘貝勒克卡片
3,4412,1	//伊西拉卡片
3,4413,1	//異型卡片
3,4414,1	//紅惡魔之眼卡片
3,4415,1	//雪獸卡片
3,4416,1	//小雪獸卡片
3,4417,1	//冰巨人卡片
3,4418,1	//蓋俄斯提卡片
3,4420,1	//吃人草卡片
3,4421,1	//捕蟲草卡片
3,4422,1	//土狼卡片
3,4423,1	//迦利卡片
3,4424,3	//石頭波利卡片
3,4426,1	//漂流浪人卡片
3,4427,1	//劍士監護人魔物卡片
3,4428,1	//弓箭手監護人魔物卡片
3,4429,1	//火蜥蝪卡片
3,4431,1	//火鳥卡片
3,4432,1	//岩漿波利卡片
3,4433,1	//炙燄魔卡片
3,4434,1	//礦坑小精靈卡片
3,4435,1	//屠殺腐屍卡片
3,4436,1	//襤褸腐屍卡片
3,4437,1	//地獄貴賓狗卡片
3,4438,1	//惡耗女妖卡片
3,4439,1	//火焰骷髏頭卡片
3,4440,1	//行妖術者卡片
