// 禮物箱開出物品資料
//
// 結構:
// 群組編號,物品編號,機率

// 禮物箱子
4,501,1	//紅色藥水
4,502,1	//赤色藥水
4,503,1	//黃色藥水
4,504,1	//白色藥水
4,505,1	//藍色藥水
4,506,1	//綠色藥水
4,526,1	//蜂膠
4,529,1	//糖果
4,530,1	//柺杖糖
4,537,1	//寵物飼料
4,538,1	//薑餅
4,539,1	//小蛋糕
4,603,1	//神秘箱子
4,617,1	//神秘紫箱
4,644,19	//禮物箱
4,706,1	//四葉幸運草
4,714,1	//華麗金屬
4,718,1	//深紅寶石
4,719,1	//紫寶石
4,720,1	//天藍寶石
4,721,1	//綠寶石
4,722,1	//珍珠
4,723,1	//紅寶石
4,724,1	//詛咒紅寶石
4,725,1	//大紅寶石
4,726,1	//藍寶石
4,727,1	//白寶石
4,728,1	//黃寶石
4,729,1	//青綠寶石
4,730,1	//1克拉鑽石
4,731,1	//2克拉鑽石
4,732,1	//3克拉鑽石
4,733,1	//受損的鑽石
4,734,1	//紅色相框
4,735,1	//藍色陶瓷器
4,736,1	//白色盤子
4,737,1	//黑色杓子
4,738,1	//筆筒
4,739,1	//化妝品
4,740,1	//瘋兔娃娃
4,741,1	//波利娃娃
4,742,1	//蒼蠅娃娃
4,743,1	//魔菇娃娃
4,744,1	//花束
4,745,1	//捧花
4,746,1	//玻璃珠
4,747,1	//水晶鏡子
4,748,1	//永恆玫瑰
4,749,1	//冰雕玫瑰
4,750,1	//巴風特娃娃
4,751,1	//俄塞里斯娃娃
4,752,1	//搖滾蝗蟲娃娃
4,753,1	//溜溜猴娃娃
4,754,1	//狸貓娃娃
4,756,5	//神之金屬原石
4,757,2	//鋁原石
4,969,1	//黃金
4,975,1	//紅色染料
4,976,1	//黃色染料
4,978,1	//藍色染料
4,979,1	//綠色染料
4,980,1	//赤色染料
4,981,1	//紫色染料
4,982,1	//白色染料
4,983,1	//黑色染料
4,984,2	//神之金屬
4,985,1	//鋁
4,994,1	//火靈原石
4,995,1	//水靈原石
4,996,1	//風靈原石
4,997,1	//土靈原石
4,999,1	//鋼鐵
4,1000,1	//星星的角
4,1558,2	//日記本
4,4005,1	//聖誕波利卡片
4,7034,1	//破洞聖誕襪

// 禮盒
28,501,1	//紅色藥水
28,502,1	//赤色藥水
28,503,1	//黃色藥水
28,504,1	//白色藥水
28,505,1	//藍色藥水
28,506,1	//綠色藥水
28,526,1	//蜂膠
28,529,1	//糖果
28,530,1	//柺杖糖
28,537,1	//寵物飼料
28,538,1	//薑餅
28,539,1	//小蛋糕
28,603,1	//神秘箱子
28,617,1	//神秘紫箱
28,644,19	//禮物箱
28,706,1	//四葉幸運草
28,714,1	//華麗金屬
28,718,1	//深紅寶石
28,719,1	//紫寶石
28,720,1	//天藍寶石
28,721,1	//綠寶石
28,722,1	//珍珠
28,723,1	//紅寶石
28,724,1	//詛咒紅寶石
28,725,1	//大紅寶石
28,726,1	//藍寶石
28,727,1	//白寶石
28,728,1	//黃寶石
28,729,1	//青綠寶石
28,730,1	//1克拉鑽石
28,731,1	//2克拉鑽石
28,732,1	//3克拉鑽石
28,733,1	//受損的鑽石
28,734,1	//紅色相框
28,735,1	//藍色陶瓷器
28,736,1	//白色盤子
28,737,1	//黑色杓子
28,738,1	//筆筒
28,739,1	//化妝品
28,740,1	//瘋兔娃娃
28,741,1	//波利娃娃
28,742,1	//蒼蠅娃娃
28,743,1	//魔菇娃娃
28,744,1	//花束
28,745,1	//捧花
28,746,1	//玻璃珠
28,747,1	//水晶鏡子
28,748,1	//永恆玫瑰
28,749,1	//冰雕玫瑰
28,750,1	//巴風特娃娃
28,751,1	//俄塞里斯娃娃
28,752,1	//搖滾蝗蟲娃娃
28,753,1	//溜溜猴娃娃
28,754,1	//狸貓娃娃
28,756,5	//神之金屬原石
28,757,2	//鋁原石
28,969,1	//黃金
28,975,1	//紅色染料
28,976,1	//黃色染料
28,978,1	//藍色染料
28,979,1	//綠色染料
28,980,1	//赤色染料
28,981,1	//紫色染料
28,982,1	//白色染料
28,983,1	//黑色染料
28,984,2	//神之金屬
28,985,1	//鋁
28,994,1	//火靈原石
28,995,1	//水靈原石
28,996,1	//風靈原石
28,997,1	//土靈原石
28,999,1	//鋼鐵
28,1000,1	//星星的角
28,1558,1	//日記本
28,4005,1	//聖誕波利卡片
28,7034,1	//破洞聖誕襪
//禮盒
29,501,1	//紅色藥水
29,502,1	//赤色藥水
29,503,1	//黃色藥水
29,504,1	//白色藥水
29,505,1	//藍色藥水
29,506,1	//綠色藥水
29,526,1	//蜂膠
29,529,1	//糖果
29,530,1	//柺杖糖
29,537,1	//寵物飼料
29,538,1	//薑餅
29,539,1	//小蛋糕
29,603,1	//神秘箱子
29,617,1	//神秘紫箱
29,644,19	//禮物箱
29,706,1	//四葉幸運草
29,714,1	//華麗金屬
29,718,1	//深紅寶石
29,719,1	//紫寶石
29,720,1	//天藍寶石
29,721,1	//綠寶石
29,722,1	//珍珠
29,723,1	//紅寶石
29,724,1	//詛咒紅寶石
29,725,1	//大紅寶石
29,726,1	//藍寶石
29,727,1	//白寶石
29,728,1	//黃寶石
29,729,1	//青綠寶石
29,730,1	//1克拉鑽石
29,731,1	//2克拉鑽石
29,732,1	//3克拉鑽石
29,733,1	//受損的鑽石
29,734,1	//紅色相框
29,735,1	//藍色陶瓷器
29,736,1	//白色盤子
29,737,1	//黑色杓子
29,738,1	//筆筒
29,739,1	//化妝品
29,740,1	//瘋兔娃娃
29,741,1	//波利娃娃
29,742,1	//蒼蠅娃娃
29,743,1	//魔菇娃娃
29,744,1	//花束
29,745,1	//捧花
29,746,1	//玻璃珠
29,747,1	//水晶鏡子
29,748,1	//永恆玫瑰
29,749,1	//冰雕玫瑰
29,750,1	//巴風特娃娃
29,751,1	//俄塞里斯娃娃
29,752,1	//搖滾蝗蟲娃娃
29,753,1	//溜溜猴娃娃
29,754,1	//狸貓娃娃
29,756,5	//神之金屬原石
29,757,2	//鋁原石
29,969,1	//黃金
29,975,1	//紅色染料
29,976,1	//黃色染料
29,978,1	//藍色染料
29,979,1	//綠色染料
29,980,1	//赤色染料
29,981,1	//紫色染料
29,982,1	//白色染料
29,983,1	//黑色染料
29,984,2	//神之金屬
29,985,1	//鋁
29,994,1	//火靈原石
29,995,1	//水靈原石
29,996,1	//風靈原石
29,997,1	//土靈原石
29,999,1	//鋼鐵
29,1000,1	//星星的角
29,1558,2	//日記本
29,4005,1	//聖誕波利卡片
29,7034,1	//破洞聖誕襪
// 禮盒
30,501,1	//紅色藥水
30,502,1	//赤色藥水
30,503,1	//黃色藥水
30,504,1	//白色藥水
30,505,1	//藍色藥水
30,506,1	//綠色藥水
30,526,1	//蜂膠
30,529,1	//糖果
30,530,1	//柺杖糖
30,537,1	//寵物飼料
30,538,1	//薑餅
30,539,1	//小蛋糕
30,603,1	//神秘箱子
30,617,1	//神秘紫箱
30,644,19	//禮物箱
30,706,1	//四葉幸運草
30,714,1	//華麗金屬
30,718,1	//深紅寶石
30,719,1	//紫寶石
30,720,1	//天藍寶石
30,721,1	//綠寶石
30,722,1	//珍珠
30,723,1	//紅寶石
30,724,1	//詛咒紅寶石
30,725,1	//大紅寶石
30,726,1	//藍寶石
30,727,1	//白寶石
30,728,1	//黃寶石
30,729,1	//青綠寶石
30,730,1	//1克拉鑽石
30,731,1	//2克拉鑽石
30,732,1	//3克拉鑽石
30,733,1	//受損的鑽石
30,734,1	//紅色相框
30,735,1	//藍色陶瓷器
30,736,1	//白色盤子
30,737,1	//黑色杓子
30,738,1	//筆筒
30,739,1	//化妝品
30,740,1	//瘋兔娃娃
30,741,1	//波利娃娃
30,742,1	//蒼蠅娃娃
30,743,1	//魔菇娃娃
30,744,1	//花束
30,745,1	//捧花
30,746,1	//玻璃珠
30,747,1	//水晶鏡子
30,748,1	//永恆玫瑰
30,749,1	//冰雕玫瑰
30,750,1	//巴風特娃娃
30,751,1	//俄塞里斯娃娃
30,752,1	//搖滾蝗蟲娃娃
30,753,1	//溜溜猴娃娃
30,754,1	//狸貓娃娃
30,756,5	//神之金屬原石
30,757,2	//鋁原石
30,969,1	//黃金
30,975,1	//紅色染料
30,976,1	//黃色染料
30,978,1	//藍色染料
30,979,1	//綠色染料
30,980,1	//赤色染料
30,981,1	//紫色染料
30,982,1	//白色染料
30,983,1	//黑色染料
30,984,2	//神之金屬
30,985,1	//鋁
30,994,1	//火靈原石
30,995,1	//水靈原石
30,996,1	//風靈原石
30,997,1	//土靈原石
30,999,1	//鋼鐵
30,1000,1	//星星的角
30,1558,2	//日記本
30,4005,1	//聖誕波利卡片
30,7034,1	//破洞聖誕襪
// 禮盒
31,501,1	//紅色藥水
31,502,1	//赤色藥水
31,503,1	//黃色藥水
31,504,1	//白色藥水
31,505,1	//藍色藥水
31,506,1	//綠色藥水
31,526,1	//蜂膠
31,529,1	//糖果
31,530,1	//柺杖糖
31,537,1	//寵物飼料
31,538,1	//薑餅
31,539,1	//小蛋糕
31,603,1	//神秘箱子
31,617,1	//神秘紫箱
31,644,19	//禮物箱
31,706,1	//四葉幸運草
31,714,1	//華麗金屬
31,718,1	//深紅寶石
31,719,1	//紫寶石
31,720,1	//天藍寶石
31,721,1	//綠寶石
31,722,1	//珍珠
31,723,1	//紅寶石
31,724,1	//詛咒紅寶石
31,725,1	//大紅寶石
31,726,1	//藍寶石
31,727,1	//白寶石
31,728,1	//黃寶石
31,729,1	//青綠寶石
31,730,1	//1克拉鑽石
31,731,1	//2克拉鑽石
31,732,1	//3克拉鑽石
31,733,1	//受損的鑽石
31,734,1	//紅色相框
31,735,1	//藍色陶瓷器
31,736,1	//白色盤子
31,737,1	//黑色杓子
31,738,1	//筆筒
31,739,1	//化妝品
31,740,1	//瘋兔娃娃
31,741,1	//波利娃娃
31,742,1	//蒼蠅娃娃
31,743,1	//魔菇娃娃
31,744,1	//花束
31,745,1	//捧花
31,746,1	//玻璃珠
31,747,1	//水晶鏡子
31,748,1	//永恆玫瑰
31,749,1	//冰雕玫瑰
31,750,1	//巴風特娃娃
31,751,1	//俄塞里斯娃娃
31,752,1	//搖滾蝗蟲娃娃
31,753,1	//溜溜猴娃娃
31,754,1	//狸貓娃娃
31,756,5	//神之金屬原石
31,757,2	//鋁原石
31,969,1	//黃金
31,975,1	//紅色染料
31,976,1	//黃色染料
31,978,1	//藍色染料
31,979,1	//綠色染料
31,980,1	//赤色染料
31,981,1	//紫色染料
31,982,1	//白色染料
31,983,1	//黑色染料
31,984,2	//神之金屬
31,985,1	//鋁
31,994,1	//火靈原石
31,995,1	//水靈原石
31,996,1	//風靈原石
31,997,1	//土靈原石
31,999,1	//鋼鐵
31,1000,1	//星星的角
31,1558,2	//日記本
31,4005,1	//聖誕波利卡片
31,7034,1	//破洞聖誕襪
// GiftBox_China
34,501,1	//紅色藥水
34,502,1	//赤色藥水
34,503,1	//黃色藥水
34,504,1	//白色藥水
34,505,1	//藍色藥水
34,506,1	//綠色藥水
34,518,1	//蜂蜜
34,520,1	//西納雷葉子
34,521,2	//蘆薈葉子
34,525,1	//萬能藥
34,526,1	//蜂膠
34,529,1	//糖果
34,530,1	//柺杖糖
34,603,40	//神秘箱子
34,604,9	//枯樹枝
34,605,1	//曼特療傷藥
34,606,1	//蘆薈汁液
34,607,1	//天地樹果實
34,608,1	//天地樹芽
34,610,1	//天地樹葉子
34,612,5	//攜帶用熔礦爐
34,613,1	//鋼鐵錘子
34,614,1	//黃金錘子
34,615,1	//神之金屬錘子
34,701,1	//歐拉歐拉
34,702,1	//家畜血
34,703,1	//西納雷花
34,704,1	//蘆薈
34,706,1	//四葉幸運草
34,707,1	//哀唱草
34,708,1	//曼特花
34,710,1	//幻想花
34,714,1	//華麗金屬
34,715,1	//黃色魔力礦石
34,716,1	//紅色魔力礦石
34,717,1	//藍色魔力礦石
34,718,1	//深紅寶石
34,719,1	//紫寶石
34,720,1	//天藍寶石
34,721,1	//綠寶石
34,722,1	//珍珠
34,723,1	//紅寶石
34,724,1	//詛咒紅寶石
34,725,1	//大紅寶石
34,726,1	//藍寶石
34,727,1	//白寶石
34,728,1	//黃寶石
34,729,1	//青綠寶石
34,730,1	//1克拉鑽石
34,731,1	//2克拉鑽石
34,732,1	//3克拉鑽石
34,733,1	//受損的鑽石
34,734,1	//紅色相框
34,735,1	//藍色陶瓷器
34,736,1	//白色盤子
34,737,1	//黑色杓子
34,738,1	//筆筒
34,740,1	//瘋兔娃娃
34,741,1	//波利娃娃
34,742,1	//蒼蠅娃娃
34,743,1	//魔菇娃娃
34,745,1	//捧花
34,747,1	//水晶鏡子
34,748,1	//永恆玫瑰
34,749,1	//冰雕玫瑰
34,752,1	//搖滾蝗蟲娃娃
34,753,1	//溜溜猴娃娃
34,754,1	//狸貓娃娃
34,756,1	//神之金屬原石
34,757,1	//鋁原石
34,909,1	//傑勒比結晶
34,910,1	//加勒結晶
34,911,1	//雪勒結晶
34,912,1	//剎勒空結晶
34,931,1	//獸人戰士之證
34,934,1	//亡者遺物
34,968,1	//獸人英雄之證
34,969,1	//黃金
34,970,1	//酒精
34,971,1	//帝特立米藥水
34,972,1	//卡勒波迪藥水
34,973,1	//中和劑
34,974,1	//混合劑
34,975,1	//紅色染料
34,976,1	//黃色染料
34,978,1	//藍色染料
34,979,1	//綠色染料
34,980,1	//赤色染料
34,981,1	//紫色染料
34,982,1	//白色染料
34,983,1	//黑色染料
34,984,1	//神之金屬
34,985,1	//鋁
34,986,1	//鐵砧
34,987,1	//神之金屬鐵砧
34,988,1	//黃金鐵砧
34,989,1	//華麗金屬鐵砧
34,990,1	//火靈礦石
34,991,1	//水靈礦石
34,992,1	//風靈礦石
34,993,1	//地靈礦石
34,994,1	//火靈原石
34,995,1	//水靈原石
34,996,1	//風靈原石
34,997,1	//土靈原石
34,998,1	//鐵
34,999,1	//鋼鐵
34,1000,1	//星星的角
34,1001,1	//星星的粉末
34,1002,1	//鐵礦石
34,1003,1	//煤礦
34,1004,1	//忠誠之證
34,1005,1	//高級鐵砧
34,1006,1	//古魔法書
34,1007,1	//慧眼
34,1008,1	//泯滅之心
34,1009,1	//神之手
34,1010,1	//強化武器金屬-級數一
34,1011,1	//強化武器金屬-級數二
34,1065,1	//設置用陷阱道具
34,1102,1	//長劍
34,1105,1	//圓月刀
34,1108,1	//厚刃劍
34,1111,1	//擊刺長劍
34,1114,1	//彎刀
34,1117,1	//武士刀
34,1120,1	//日本刀
34,1125,1	//圓柄馬刀
34,1127,1	//騎兵之劍
34,1128,1	//海東劍
34,1129,1	//水紋之劍
34,1152,1	//雙手劍
34,1155,1	//亞爾特劍
34,1158,1	//雙手巨劍
34,1162,1	//雙手重劍
34,1163,1	//十字巨劍
34,1202,1	//短劍
34,1205,1	//卡特短劍
34,1208,1	//笨拙短劍
34,1211,1	//德克短劍
34,1214,1	//大駒短劍
34,1217,1	//雙刃短劍
34,1220,1	//長柄短劍
34,1226,1	//大馬士革短劍
34,1251,1	//拳刃
34,1253,1	//卡塔勒拳刃
34,1255,1	//秘刃 闇嘯
34,1302,1	//斧
34,1352,1	//巨斧
34,1355,1	//鋼斧
34,1358,1	//毀滅之斧
34,1361,1	//雙手斧
34,1402,1	//長戟
34,1405,1	//長矛
34,1408,1	//步兵長矛
34,1410,1	//騎士長矛
34,1452,1	//彎刃長矛
34,1455,1	//長槍
34,1458,1	//雙刃長戟
34,1461,1	//德瑞尹長戟
34,1464,1	//斧錘長矛
34,1502,1	//木錘
34,1505,1	//鐵錘
34,1508,1	//思麥斯鐵錘
34,1511,1	//流星錘
34,1514,1	//日星錘
34,1517,1	//尖刃鐵錘
34,1520,1	//鏈錘
34,1550,1	//書
34,1551,1	//聖言之書
34,1602,1	//手杖
34,1605,1	//橡木魔杖
34,1608,1	//智慧魔杖
34,1611,1	//言靈魔杖
34,1613,1	//巫杖 魂咬
34,1702,1	//弓
34,1705,1	//坎普茲弓
34,1711,1	//十字弓
34,1713,1	//亞伯雷弓
34,1714,1	//角弓
34,1718,1	//獵人之弓
34,1719,1	//盜賊之弓
34,2102,1	//鐵盾
34,2104,1	//圓盾
34,2106,1	//鋼盾
34,2108,1	//鏡盾
34,2207,1	//花朵頭飾
34,2209,1	//紫蝶髮帶
34,2213,1	//貓耳髮圈
34,2215,1	//花髮圈
34,2217,1	//聖職之帽
34,2221,1	//漁夫帽
34,2223,1	//圓帽
34,2225,1	//防風皮革眼鏡
34,2227,1	//無邊帽
34,2229,1	//金屬頭盔
34,2231,1	//寶石頭盔
34,2233,1	//頭箍
34,2236,1	//聖誕帽
34,2244,1	//紅蝶髮帶
34,2249,1	//黃金冠冕
34,2250,1	//粉紗髮圈
34,2257,1	//獸角頭飾
34,2258,1	//尖角髮圈
34,2262,1	//小丑鼻子
34,2263,1	//時髦眼罩
34,2265,1	//侍衛口罩
34,2269,1	//花葉
34,2270,1	//草葉
34,2271,1	//眼鏡頭飾
34,2272,1	//停止標誌頭飾
34,2273,1	//醫師髮箍
34,2275,1	//頭巾
34,2276,1	//大眼睛眼鏡
34,2279,1	//火線頭飾
34,2284,1	//鹿角頭飾
34,2287,1	//海盜頭巾
34,2289,1	//糞便帽
34,2290,1	//葬禮帽
34,2291,1	//蝴蝶假面
34,2293,1	//戲劇頭盔
34,2294,1	//星星髮夾
34,2295,1	//眼罩
34,2296,1	//望遠鏡
34,2298,1	//觸角頭飾
34,2299,1	//獸人頭盔
34,2302,1	//棉襯衫
34,2304,1	//皮製外套
34,2306,1	//冒險衣
34,2308,1	//大衣
34,2310,1	//長大衣
34,2311,1	//毛皮大衣
34,2313,1	//鐵製鎧甲
34,2315,1	//鋼鐵鎖子甲
34,2317,1	//鋼鐵鎧甲
34,2322,1	//絲質外袍
34,2324,1	//聖職之袍
34,2326,1	//聖職之衣
34,2329,1	//木製鎧甲
34,2331,1	//緊身便衣
34,2333,1	//秘銀之衣
34,2336,1	//盜賊之衣
34,2337,1	//忍服 血櫻
34,2338,1	//結婚禮服
34,2339,1	//三角褲
34,2402,1	//輕便鞋
34,2404,1	//長靴
34,2407,1	//玻璃鞋
34,2408,1	//腳鍊
34,2409,1	//抗魔鞋
34,2502,1	//連帽披肩
34,2504,1	//披肩
34,2506,1	//斗篷
34,2507,1	//伯爵斗篷
34,2508,1	//抗魔斗篷
34,2601,1	//力量戒指
34,2602,1	//智力耳環
34,2603,1	//體力項鏈
34,2604,1	//防禦手套
34,2605,1	//敏捷別針
34,2607,1	//髮夾
34,2608,1	//幸運珠鏈
34,2609,1	//骷髏戒指
34,2610,1	//金戒指
34,2611,1	//銀戒指
34,2612,1	//花戒指
34,2613,1	//鑽石戒指
34,5008,1	//花冠
34,5009,1	//安全帽
34,5010,1	//印地安髮箍
34,5014,1	//劍士頭盔
34,5015,1	//蛋殼帽