// 職業HP,SP,負重,aspd等值的修正數據
// 守護永恆[Dathena] 2005/12/17
// 數據格式:
// 職業ID,負重,HP,HP倍率,SP,空手,短劍,單手劍,雙手劍,單手槍,雙手槍,單手斧,雙手斧,單手錘,雙手錘,鈍器,弓,爪,樂器,鞭子,書,卡塔爾拳刃

// 初心者
0,	20000,0    ,500  ,100  ,500  ,650  ,700  ,2000 ,2000 ,2000 ,800  ,2000 ,700  ,700  ,650  ,2000 ,2000 ,2000 ,2000 ,2000 ,2000
// 劍士
1,	28000,70   ,500  ,200  ,400  ,500  ,550  ,600  ,650  ,700  ,700  ,750  ,650  ,700  ,2000 ,2000 ,2000 ,2000 ,2000 ,2000 ,2000
// 魔法師
2,	22000,30   ,500  ,600  ,500  ,600  ,2000 ,2000 ,2000 ,2000 ,2000 ,2000 ,2000 ,2000 ,700  ,2000 ,2000 ,2000 ,2000 ,2000 ,2000
// 弓箭手
3,	26000,50   ,500  ,200  ,400  ,600  ,2000 ,2000 ,2000 ,2000 ,2000 ,2000 ,2000 ,2000 ,2000 ,700  ,2000 ,2000 ,2000 ,2000 ,2000
// 服事
4,	24000,40   ,500  ,500  ,400  ,2000 ,2000 ,2000 ,2000 ,2000 ,2000 ,2000 ,600  ,600  ,600  ,2000 ,2000 ,2000 ,2000 ,2000 ,2000
// 商人
5,	28000,40   ,500  ,300  ,400  ,600  ,700  ,2000 ,2000 ,2000 ,700  ,750  ,700  ,700  ,2000 ,2000 ,2000 ,2000 ,2000 ,2000 ,2000
// 盜賊
6,	24000,50   ,500  ,200  ,400  ,500  ,650  ,2000 ,2000 ,2000 ,800  ,2000 ,2000 ,2000 ,2000 ,800  ,2000 ,2000 ,2000 ,2000 ,2000
// 騎士
7,	28000,150  ,500  ,300  ,400  ,500  ,500  ,550  ,600  ,600  ,700  ,700  ,650  ,700  ,2000 ,2000 ,2000 ,2000 ,2000 ,2000 ,2000
// 牧師
8,	26000,75   ,500  ,800  ,400  ,2000 ,2000 ,2000 ,2000 ,2000 ,2000 ,2000 ,600  ,600  ,600  ,2000 ,2000 ,2000 ,2000 ,600  ,2000
// 巫師
9,	24000,55   ,500  ,900  ,500  ,575  ,2000 ,2000 ,2000 ,2000 ,2000 ,2000 ,2000 ,2000 ,625  ,2000 ,2000 ,2000 ,2000 ,2000 ,2000
// 鐵匠
10,	30000,90   ,500  ,400  ,400  ,600  ,650  ,2000 ,2000 ,2000 ,650  ,650  ,675  ,675  ,2000 ,2000 ,2000 ,2000 ,2000 ,2000 ,2000
// 獵人
11,	27000,85   ,500  ,400  ,400  ,600  ,2000 ,2000 ,2000 ,2000 ,2000 ,2000 ,2000 ,2000 ,2000 ,600  ,2000 ,2000 ,2000 ,2000 ,2000
// 刺客
12,	24000,110  ,500  ,400  ,400  ,500  ,650  ,2000 ,2000 ,2000 ,800  ,2000 ,2000 ,2000 ,2000 ,2000 ,2000 ,2000 ,2000 ,2000 ,500
// 騎士(騎鳥)
13,	28000,150  ,500  ,300  ,400  ,500  ,500  ,550  ,600  ,600  ,700  ,700  ,650  ,700  ,2000 ,2000 ,2000 ,2000 ,2000 ,2000 ,2000
// 十字軍
14,	28000,110  ,700  ,470  ,400  ,500  ,500  ,550  ,600  ,600  ,700  ,700  ,650  ,700  ,2000 ,2000 ,2000 ,2000 ,2000 ,2000 ,2000
// 武僧
15,	26000,90   ,650  ,470  ,400  ,2000 ,2000 ,2000 ,2000 ,2000 ,2000 ,2000 ,575  ,575  ,575  ,2000 ,475  ,2000 ,2000 ,2000 ,2000
// 賢者
16,	24000,75   ,500  ,700  ,450  ,525  ,2000 ,2000 ,2000 ,2000 ,2000 ,2000 ,2000 ,2000 ,625  ,2000 ,2000 ,2000 ,2000 ,550  ,2000
// 流氓
17,	24000,85   ,500  ,500  ,400  ,500  ,550  ,2000 ,2000 ,2000 ,2000 ,2000 ,2000 ,2000 ,2000 ,650  ,2000 ,2000 ,2000 ,2000 ,2000
// 煉金術士
18,	30000,90   ,500  ,400  ,400  ,550  ,575  ,2000 ,2000 ,2000 ,675  ,700  ,650  ,650  ,2000 ,2000 ,2000 ,2000 ,2000 ,2000 ,2000
// 詩人
19,	27000,75   ,300  ,600  ,400  ,550  ,2000 ,2000 ,2000 ,2000 ,2000 ,2000 ,2000 ,2000 ,2000 ,650  ,2000 ,575  ,2000 ,2000 ,2000
// 舞娘
20,	27000,75   ,300  ,600  ,400  ,550  ,2000 ,2000 ,2000 ,2000 ,2000 ,2000 ,2000 ,2000 ,2000 ,650  ,2000 ,2000 ,575  ,2000 ,2000
// 十字軍(騎鳥)
21,	28000,110  ,700  ,470  ,400  ,500  ,500  ,550  ,600  ,600  ,700  ,700  ,650  ,700  ,2000 ,2000 ,2000 ,2000 ,2000 ,2000 ,2000
// 結婚造型
22,	20000,0    ,500  ,100  ,2000 ,2000 ,2000 ,2000 ,2000 ,2000 ,2000 ,2000 ,2000 ,2000 ,2000 ,2000 ,2000 ,2000 ,2000 ,2000 ,2000
// 超級初學者
23,	20000,0    ,500  ,100  ,500  ,650  ,700  ,2000 ,2000 ,2000 ,800  ,2000 ,700  ,700  ,650  ,2000 ,2000 ,2000 ,2000 ,2000 ,2000
// 進階初學者
4001,	20000,0    ,500  ,100  ,500  ,650  ,700  ,2000 ,2000 ,2000 ,800  ,2000 ,700  ,700  ,650  ,2000 ,2000 ,2000 ,2000 ,2000 ,2000
// 進階劍士
4002,	28000,70   ,500  ,200  ,400  ,500  ,550  ,600  ,650  ,700  ,700  ,750  ,650  ,700  ,2000 ,2000 ,2000 ,2000 ,2000 ,2000 ,2000
// 進階魔法師
4003,	22000,30   ,500  ,600  ,500  ,600  ,2000 ,2000 ,2000 ,2000 ,2000 ,2000 ,2000 ,2000 ,700  ,2000 ,2000 ,2000 ,2000 ,2000 ,2000
// 進階弓箭手
4004,	26000,50   ,500  ,200  ,400  ,600  ,2000 ,2000 ,2000 ,2000 ,2000 ,2000 ,2000 ,2000 ,2000 ,700  ,2000 ,2000 ,2000 ,2000 ,2000
// 進階服事
4005,	24000,40   ,500  ,500  ,400  ,2000 ,2000 ,2000 ,2000 ,2000 ,2000 ,2000 ,600  ,600  ,600  ,2000 ,2000 ,2000 ,2000 ,2000 ,2000
// 進階商人
4006,	28000,40   ,500  ,300  ,400  ,600  ,700  ,2000 ,2000 ,2000 ,700  ,750  ,700  ,700  ,2000 ,2000 ,2000 ,2000 ,2000 ,2000 ,2000
// 進階盜賊
4007,	24000,50   ,500  ,200  ,400  ,500  ,650  ,2000 ,2000 ,2000 ,800  ,2000 ,2000 ,2000 ,2000 ,800  ,2000 ,2000 ,2000 ,2000 ,2000
// 騎士領主
4008,	28000,150  ,500  ,300  ,400  ,500  ,500  ,550  ,600  ,600  ,700  ,700  ,650  ,700  ,2000 ,2000 ,2000 ,2000 ,2000 ,2000 ,2000
// 神官
4009,	26000,75   ,500  ,800  ,400  ,2000 ,2000 ,2000 ,2000 ,2000 ,2000 ,2000 ,600  ,600  ,600  ,2000 ,2000 ,2000 ,2000 ,600  ,2000
// 超魔導士
4010,	24000,55   ,500  ,900  ,500  ,575  ,2000 ,2000 ,2000 ,2000 ,2000 ,2000 ,2000 ,2000 ,625  ,2000 ,2000 ,2000 ,2000 ,2000 ,2000
// 銀匠
4011,	30000,90   ,500  ,400  ,400  ,600  ,650  ,2000 ,2000 ,2000 ,650  ,650  ,675  ,675  ,2000 ,2000 ,2000 ,2000 ,2000 ,2000 ,2000
// 狙擊手
4012,	27000,85   ,500  ,400  ,400  ,600  ,2000 ,2000 ,2000 ,2000 ,2000 ,2000 ,2000 ,2000 ,2000 ,600  ,2000 ,2000 ,2000 ,2000 ,2000
// 十字刺客
4013,	24000,110  ,500  ,400  ,400  ,500  ,650  ,2000 ,2000 ,2000 ,800  ,2000 ,2000 ,2000 ,2000 ,2000 ,2000 ,2000 ,2000 ,2000 ,500
// 騎士領主(騎鳥)
4014,	28000,150  ,500  ,300  ,400  ,500  ,500  ,550  ,600  ,600  ,700  ,700  ,650  ,700  ,2000 ,2000 ,2000 ,2000 ,2000 ,2000 ,2000
// 聖殿十字軍
4015,	28000,110  ,700  ,470  ,400  ,500  ,500  ,550  ,600  ,600  ,700  ,700  ,650  ,700  ,2000 ,2000 ,2000 ,2000 ,2000 ,2000 ,2000
// 武術宗師
4016,	26000,90   ,650  ,470  ,400  ,2000 ,2000 ,2000 ,2000 ,2000 ,2000 ,2000 ,575  ,575  ,575  ,2000 ,475  ,2000 ,2000 ,2000 ,2000
// 智者
4017,	24000,75   ,500  ,700  ,450  ,525  ,2000 ,2000 ,2000 ,2000 ,2000 ,2000 ,2000 ,2000 ,625  ,2000 ,2000 ,2000 ,2000 ,550  ,2000
// 神行太保
4018,	24000,85   ,500  ,500  ,400  ,500  ,550  ,2000 ,2000 ,2000 ,2000 ,2000 ,2000 ,2000 ,2000 ,650  ,2000 ,2000 ,2000 ,2000 ,2000
// 創造者
4019,	30000,90   ,500  ,400  ,400  ,550  ,575  ,2000 ,2000 ,2000 ,675  ,700  ,650  ,650  ,2000 ,2000 ,2000 ,2000 ,2000 ,2000 ,2000
// 搞笑藝人
4020,	27000,75   ,300  ,600  ,400  ,550  ,2000 ,2000 ,2000 ,2000 ,2000 ,2000 ,2000 ,2000 ,2000 ,650  ,2000 ,575  ,2000 ,2000 ,2000
// 冷艷舞姬
4021,	27000,75   ,300  ,600  ,400  ,550  ,2000 ,2000 ,2000 ,2000 ,2000 ,2000 ,2000 ,2000 ,2000 ,650  ,2000 ,2000 ,575  ,2000 ,2000
// 圣殿十字軍(騎鳥)
4022,	28000,110  ,700  ,470  ,400  ,500  ,500  ,550  ,600  ,600  ,700  ,700  ,650  ,700  ,2000 ,2000 ,2000 ,2000 ,2000 ,2000 ,2000
// 寶寶初學者
4023,	20000,0    ,500  ,100  ,500  ,650  ,700  ,2000 ,2000 ,2000 ,800  ,2000 ,700  ,700  ,650  ,2000 ,2000 ,2000 ,2000 ,2000 ,2000
// 寶寶劍士
4024,	28000,70   ,500  ,200  ,400  ,500  ,550  ,600  ,650  ,700  ,700  ,750  ,650  ,700  ,2000 ,2000 ,2000 ,2000 ,2000 ,2000 ,2000
// 寶寶魔法師
4025,	22000,30   ,500  ,600  ,500  ,600  ,2000 ,2000 ,2000 ,2000 ,2000 ,2000 ,2000 ,2000 ,700  ,2000 ,2000 ,2000 ,2000 ,2000 ,2000
// 寶寶弓箭手
4026,	26000,50   ,500  ,200  ,400  ,600  ,2000 ,2000 ,2000 ,2000 ,2000 ,2000 ,2000 ,2000 ,2000 ,700  ,2000 ,2000 ,2000 ,2000 ,2000
// 寶寶服事
4027,	24000,40   ,500  ,500  ,400  ,2000 ,2000 ,2000 ,2000 ,2000 ,2000 ,2000 ,600  ,600  ,600  ,2000 ,2000 ,2000 ,2000 ,2000 ,2000
// 寶寶商人
4028,	28000,40   ,500  ,300  ,400  ,600  ,700  ,2000 ,2000 ,2000 ,700  ,750  ,700  ,700  ,2000 ,2000 ,2000 ,2000 ,2000 ,2000 ,2000
// 寶寶盜賊
4029,	24000,50   ,500  ,200  ,400  ,500  ,650  ,2000 ,2000 ,2000 ,800  ,2000 ,2000 ,2000 ,2000 ,800  ,2000 ,2000 ,2000 ,2000 ,2000
// 寶寶騎士
4030,	28000,150  ,500  ,300  ,400  ,500  ,500  ,550  ,600  ,600  ,700  ,700  ,650  ,700  ,2000 ,2000 ,2000 ,2000 ,2000 ,2000 ,2000
// 寶寶牧師
4031,	26000,75   ,500  ,800  ,400  ,2000 ,2000 ,2000 ,2000 ,2000 ,2000 ,2000 ,600  ,600  ,600  ,2000 ,2000 ,2000 ,2000 ,600  ,2000
// 寶寶巫師
4032,	24000,55   ,500  ,900  ,500  ,575  ,2000 ,2000 ,2000 ,2000 ,2000 ,2000 ,2000 ,2000 ,625  ,2000 ,2000 ,2000 ,2000 ,2000 ,2000
// 寶寶鐵匠
4033,	30000,90   ,500  ,400  ,400  ,600  ,650  ,2000 ,2000 ,2000 ,650  ,650  ,675  ,675  ,2000 ,2000 ,2000 ,2000 ,2000 ,2000 ,2000
// 寶寶獵人
4034,	27000,85   ,500  ,400  ,400  ,600  ,2000 ,2000 ,2000 ,2000 ,2000 ,2000 ,2000 ,2000 ,2000 ,600  ,2000 ,2000 ,2000 ,2000 ,2000
// 寶寶刺客
4035,	24000,110  ,500  ,400  ,400  ,500  ,650  ,2000 ,2000 ,2000 ,800  ,2000 ,2000 ,2000 ,2000 ,2000 ,2000 ,2000 ,2000 ,2000 ,500
// 寶寶騎士(騎鳥)
4036,	28000,150  ,500  ,300  ,400  ,500  ,500  ,550  ,600  ,600  ,700  ,700  ,650  ,700  ,2000 ,2000 ,2000 ,2000 ,2000 ,2000 ,2000
// 寶寶十字軍
4037,	28000,110  ,700  ,470  ,400  ,500  ,500  ,550  ,600  ,600  ,700  ,700  ,650  ,700  ,2000 ,2000 ,2000 ,2000 ,2000 ,2000 ,2000
// 寶寶武僧
4038,	26000,90   ,650  ,470  ,400  ,2000 ,2000 ,2000 ,2000 ,2000 ,2000 ,2000 ,575  ,575  ,575  ,2000 ,475  ,2000 ,2000 ,2000 ,2000
// 寶寶賢者
4039,	24000,75   ,500  ,700  ,450  ,525  ,2000 ,2000 ,2000 ,2000 ,2000 ,2000 ,2000 ,2000 ,625  ,2000 ,2000 ,2000 ,2000 ,550  ,2000
// 寶寶流氓
4040,	24000,85   ,500  ,500  ,400  ,500  ,550  ,2000 ,2000 ,2000 ,2000 ,2000 ,2000 ,2000 ,2000 ,650  ,2000 ,2000 ,2000 ,2000 ,2000
// 寶寶煉金術士
4041,	30000,90   ,500  ,400  ,400  ,550  ,575  ,2000 ,2000 ,2000 ,675  ,700  ,650  ,650  ,2000 ,2000 ,2000 ,2000 ,2000 ,2000 ,2000
// 寶寶詩人
4042,	27000,75   ,300  ,600  ,400  ,550  ,2000 ,2000 ,2000 ,2000 ,2000 ,2000 ,2000 ,2000 ,2000 ,650  ,2000 ,575  ,2000 ,2000 ,2000
// 寶寶舞娘
4043,	27000,75   ,300  ,600  ,400  ,550  ,2000 ,2000 ,2000 ,2000 ,2000 ,2000 ,2000 ,2000 ,2000 ,650  ,2000 ,2000 ,575  ,2000 ,2000
// 寶寶十字軍(騎鳥)
4044,	28000,110  ,700  ,470  ,400  ,500  ,500  ,550  ,600  ,600  ,700  ,700  ,650  ,700  ,2000 ,2000 ,2000 ,2000 ,2000 ,2000 ,2000
// 寶寶超級初學者
4045,	20000,0    ,500  ,100  ,500  ,650  ,700  ,2000 ,2000 ,2000 ,800  ,2000 ,700  ,700  ,650  ,2000 ,2000 ,2000 ,2000 ,2000 ,2000
// 跆拳道
4046, 26000,67   ,500  ,470  ,400  ,2000 ,2000 ,2000 ,2000 ,2000 ,2000 ,2000 ,2000 ,2000 ,2000 ,2000 ,2000 ,2000 ,2000 ,2000 ,2000
// 賢師
4047, 24000,80   ,650  ,700  ,450  ,2000 ,2000 ,2000 ,2000 ,2000 ,2000 ,2000 ,2000 ,2000 ,2000 ,2000 ,2000 ,2000 ,2000 ,550  ,2000
// 賢師(飛行)
4048, 24000,80   ,650  ,700  ,450  ,2000 ,2000 ,2000 ,2000 ,2000 ,2000 ,2000 ,2000 ,2000 ,2000 ,2000 ,2000 ,2000 ,2000 ,550  ,2000
// 靈媒
4049, 24000,55   ,500  ,900  ,500  ,575  ,2000 ,2000 ,2000 ,2000 ,2000 ,2000 ,2000 ,2000 ,625  ,2000 ,2000 ,2000 ,2000 ,2000 ,2000
