// 魔物外觀替代數據
// 守護永恆[Dathena] 2005/12/17
// 數據格式:
// 魔物id,外觀(sprite)id,裝備
// 這個檔案用于無法顯示的魔物,使用其他魔物的外觀來替代不可顯示的魔物.外觀ID設為0為不可用.
// 1001-2000 的編號都可用于無法顯示的魔物ID
// 裝備最好不要用在能夠成為寵物的魔物上,不然會顯示出錯.如果沒有裝備請設定為0.
// 數據DB的格式(人型魔物).
// 魔物ID,外觀ID,性別,發型,發色,武器,盾,頭上,頭中,頭下,輔助物品(老鷹,手推車),衣服顏色
// 武器和盾是使用物品(item)ID,并非外觀(view)ID.
//舉列
//1002,1039	//波利,巴風特 (使波利的外觀變為巴風特)

//十字軍轉職任務的魔物替代編號
1910,1036,0
1911,1132,0
1912,1257,0
1913,1164,0
1914,1276,0

// eAthena設定組
// 瓦拉瑞斯
1900,4013,1,1,1,1254,0,67,12,54,16,1
// 瓦拉瑞斯的崇拜者
1901,6,1,1,1,1219,2101,67,12,54,0,1
// 司儀
1902,14,1,6,6,1101,2105,0,0,0,32,3
1920,1047,0
1921,1093,0

// eAthena使用的裝備魔物
1970,1002,10013
1971,1011,10002
1972,1014,10017
1973,1019,10010
1974,1023,10009
1975,1026,10008
1976,1029,10006
1977,1031,10013
1978,1035,10002
1979,1042,10002
1980,1049,10012
1981,1052,10014
1982,1056,10019
1983,1057,10018
1984,1058,10014
1985,1063,10007
1986,1077,10017
1987,1101,10001
1988,1107,10003
1989,1109,10004
1990,1110,10005
1991,1113,10013
1992,1155,10011
1993,1167,10015
1994,1170,10016
1995,1188,10020

//-=-=-=-CSS25 Custom Mob Avail(MALE)-=-=-=-
1760,0,1,8,8,1218,1,38,0,0,0,1 //novice
1761,1,1,2,7,1163,2,40,100,53,0,2 // Swordman
1762,2,1,18,6,1473,0,130,0,0,0,3 // Mage
1763,3,1,16,5,1716,0,72,83,0,0,4 // Archer
1764,4,1,5,4,1515,2102,11,0,0,0,5 // Aco
1765,5,1,17,3,1363,2,38,0,0,40,6 // Merchant
1766,6,1,15,2,1222,2102,67,0,8,0,7 // Thief
1767,7,1,14,1,1161,3,40,100,53,0,8 //Knight
1768,8,1,5,8,1551,0,11,0,0,0,9 //Priest
1769,9,1,18,7,1473,0,36,0,0,0,10 // Wizard
1770,10,1,17,6,1365,2,38,0,0,512,11 // BS
1771,11,1,16,5,1718,0,72,83,0,16,12 // Hunter
1772,12,1,15,4,1255,0,67,0,52,0,13  // Assassin 
1773,13,1,7,3,1161,3,40,100,53,32,1 // Knight Peco
1774,14,1,8,2,1468,3,40,100,53,0,2 // Crusader
1775,15,1,5,1,1812,0,38,0,57,0,3 // Monk
1776,16,1,18,8,1552,0,112,0,0,0,4 // Sage
1777,17,1,15,7,1240,2,67,0,52,0,5 // Rogue
1778,18,1,17,6,1365,0,38,0,0,256,6 // Alchemist
1779,19,1,16,5,1913,0,38,0,0,0,7 // Bard
1780,20,0,20,4,1963,0,126,0,0,0,8 // Dancer
1781,21,1,8,3,1468,3,40,100,53,32,9 // Crusader (Peco)
1782,23,1,8,2,1218,1,38,0,0,0,10 // SNovice
1783,4001,1,8,1,1218,1,38,0,0,0,11 // NH
1784,4002,1,2,8,1163,2,40,100,53,0,12 //SH
1785,4003,1,18,7,1473,0,130,0,0,0,13 //MH
1786,4004,1,16,6,1716,0,72,83,0,0,1 //AH
1787,4005,1,5,5,1515,2102,11,0,0,0,2 //ACH
1788,4006,1,17,4,1363,2,38,0,0,40,3 //MCH
1789,4007,1,15,3,1222,2102,67,0,8,0,4 //TH
1790,4008,1,14,2,1161,3,40,100,53,0,5 //LK
1791,4009,1,5,1,1551,0,11,0,0,0,6 //HP
1792,4010,1,18,8,1473,0,36,0,0,0,7 //HW
1793,4011,1,17,7,1365,2,38,0,0,1024,8 //WS
1794,4012,1,16,6,1718,0,72,83,0,16,9 //SNIPER
1795,4013,1,15,5,1255,0,67,0,52,0,10 //ASC
1796,4015,1,8,4,1468,4,40,100,53,0,11 //PALADIN
1797,4016,1,5,3,1812,0,38,0,57,0,12 //CHAMPION
1798,4017,1,18,2,1552,0,112,0,0,0,13 //PROF
1799,4018,1,15,1,1240,2,67,0,52,0,1 //STALKER
1800,4019,1,17,8,1365,2,38,0,0,1024,2 //CREATOR
1801,4020,1,16,7,1913,0,38,0,0,0,3 //CLOWN
1802,4021,0,18,6,1963,0,126,0,0,0,4 //GYPSY
1803,4046,1,8,5,0,0,0,0,38,0,5 //TK
1804,4047,1,21,4,1222,0,38,0,0,0,6 //SG
1805,4048,1,22,3,1222,0,38,0,0,0,7 //FSG
1806,4049,1,23,2,1222,0,38,0,0,0,8 //SLinker

//-=-=-=-CSS25 Custom Mob Avail(FEMALE)-=-=-=-
1807,0,0,20,8,1218,2102,1,38,0,0,0,1 //novice
1808,1,0,19,7,1163,2,40,100,53,0,2 // Swordman
1809,2,0,18,6,1473,0,130,0,0,0,3 // Mage
1810,3,0,17,5,1716,0,72,83,0,0,4 // Archer
1811,4,0,16,4,1515,2102,64,0,0,0,5 // Aco
1812,5,0,15,3,1363,2,38,0,0,40,6 // Merchant
1813,6,0,14,2,1222,2102,67,0,8,0,7 // Thief
1814,7,0,13,1,1161,3,40,100,53,0,8 //Knight
1815,8,0,12,8,1551,0,64,0,0,0,9 //Priest
1816,9,0,11,7,1473,0,36,0,0,0,10 // Wizard
1817,10,0,10,6,1365,2,38,0,0,512,1 // BS
1818,11,0,9,5,1718,0,72,83,0,16,2 // Hunter
1819,12,0,8,4,1255,0,67,0,52,0,3 // Assassin
1820,13,0,7,3,1161,3,40,100,53,32,4 // Knight Peco
1821,14,0,6,2,1468,4,40,100,53,0,5 // Crusader
1822,15,0,5,1,1812,0,38,0,56,0,6 // Monk
1823,16,0,4,8,1552,0,112,0,0,0,7 // Sage
1824,17,0,3,7,1240,2,67,0,52,0,8 // Rogue
1825,18,0,2,6,1365,0,38,0,0,256,9 // Alchemist
1826,21,0,19,3,1468,4,40,100,53,32,10 // Crusader (Peco)
1827,23,0,18,2,1218,1,38,0,0,0,1 // SNovice
1828,4001,0,17,1,1218,2102,1,38,0,0,2 // NH
1829,4002,0,16,8,1163,2,40,100,53,0,3 //SH
1830,4003,0,15,7,1473,0,130,0,0,0,4 //MH
1831,4004,0,14,6,1716,0,72,83,0,0,5 //AH
1832,4005,0,13,5,1515,0,64,0,0,0,6 //ACH
1833,4006,0,12,4,1363,2,38,0,0,40,7 //MCH
1834,4007,0,11,3,1222,2102,67,0,8,0,8 //TH
1835,4008,0,10,2,1161,3,40,100,53,0,9 //LK
1836,4009,0,9,1,1551,0,64,0,0,0,10 //HP
1837,4010,0,8,8,1473,0,36,0,0,0,1 //HW
1838,4011,0,7,7,1365,2,38,0,0,1024,2 //WS
1839,4012,0,6,6,1718,0,72,83,0,16,3 //SNIPER
1840,4013,0,5,5,1255,0,67,0,52,0,4 //ASC
1841,4015,0,4,4,1468,4,40,100,53,0,5 //PALADIN
1842,4016,0,3,3,1812,0,38,0,56,0,6 //CHAMPION
1843,4017,0,2,2,1552,0,112,0,0,0,7 //PROF
1844,4018,0,1,1,1240,2,67,0,52,0,8 //STALKER
1845,4019,0,20,8,1365,2,38,0,0,1024,9 //CREATOR
1846,4046,0,17,5,0,0,0,38,0,0,10 //TK
1847,4047,0,16,4,1222,0,38,0,0,0,1 //SG
1848,4048,0,15,3,1222,0,38,0,0,0,2 //FSG
1849,4049,0,14,2,1222,0,38,0,0,0,3 //SLinker

//-=-=-=-CSS25 Custom Mob Avail Baby Class (MALE)-=-=-=-
1850,4023,1,20,8,1218,1,38,0,0,0,1 
1851,4024,1,19,7,1163,2,40,100,53,0,2 
1852,4025,1,18,6,1473,0,130,0,0,0,3 
1853,4026,1,17,5,1716,0,72,83,0,0,4 
1854,4027,1,16,4,1515,2102,11,0,0,0,5 
1855,4028,1,15,3,1363,2,38,0,0,40,6 
1856,4029,1,14,2,1222,2102,67,0,8,0,7 
1857,4030,1,13,1,1161,3,40,100,53,0,8 
1858,4031,1,12,8,1551,0,11,0,0,0,9
1859,4032,1,11,7,1473,0,36,0,0,0,10 
1860,4033,1,10,6,1365,2,38,0,0,512,1 
1861,4034,1,9,5,1718,0,72,83,0,16,2 
1862,4035,1,8,4,1255,0,67,0,52,0,3 
1863,4036,1,7,3,1161,3,40,100,53,32,4 
1864,4037,1,6,2,1468,4,40,100,53,0,5 
1865,4038,1,5,1,1812,0,38,0,0,0,6 
1866,4039,1,4,8,1552,0,112,0,0,0,7 
1867,4040,1,3,7,1240,0,67,0,52,0,8 
1868,4041,1,2,6,1365,0,38,0,0,256,9 
1869,4042,1,1,5,1913,0,38,0,0,0,1 
1870,4044,1,19,3,1468,3,40,100,53,32,2 
1871,4045,1,18,2,1218,1,38,0,0,0,3 

//-=-=-=-CSS25 Custom Mob Avail Baby Class (FEMALE)-=-=-=-
1872,4023,0,20,8,1218,2102,1,38,0,0,0,1 
1873,4024,0,19,7,1163,2,40,100,53,0,2 
1874,4025,0,18,6,1473,0,130,0,0,0,3  
1875,4026,0,17,5,1716,0,72,83,0,0,4 
1876,4027,0,16,4,1515,2102,64,0,0,0,5 
1877,4028,0,15,3,1363,2,38,0,0,40,6 
1878,4029,0,14,2,1222,2102,67,0,8,0,7 
1879,4030,0,13,1,1161,3,40,100,53,0,8  
1880,4031,0,12,8,1551,0,64,0,0,0,9 
1881,4032,0,11,7,1473,0,36,0,0,0,10 
1882,4033,0,10,6,1365,2,38,0,0,512,1 
1883,4034,0,9,5,1718,0,72,83,0,16,2  
1884,4035,0,8,4,1255,0,67,0,52,0,3 
1885,4036,0,7,3,1161,3,40,100,53,32,4 
1886,4037,0,6,2,1468,4,40,100,53,0,5 
1887,4038,0,5,1,1812,0,38,0,0,0,6 
1888,4039,0,4,8,1552,0,112,0,0,0,7 
1889,4040,0,3,7,1240,0,67,0,52,0,8 
1890,4041,0,2,6,1365,0,38,0,0,256,9 
1891,4042,0,1,5,1913,0,38,0,0,0,10 
1892,4043,0,20,4,1963,0,126,0,0,0,1 
1893,4044,0,19,3,1468,3,40,100,53,32,2 
1894,4045,0,18,2,1218,1,38,0,0,0,3 

//-=-=-CSS25 Groom And Bride Mob Avail-=-=-
1895,22,1,8,8,15,0,130,0,0,0,1
1896,22,0,8,8,15,0,44,0,0,0,1


