// 寵物設定數據
// 守護永恆[Dathena] 2005/12/17
// 理論上可以使任何魔物都能變為寵物,這個功能也可以用腳本達到,但是效果并不好,所以我們推薦您使用這個寵物數據來添加寵物.

// 代碼功能說明
// petskillattack skillid, skilllv, rate, bonusrate;
// 寵物攻擊技能id,技能等級,機率,額外機率
// 寵物攻擊技能id指寵物擁有的技能
// 技能等級最高不得超過技能本身
// 機率指發動技能的機率
// 額外機率指當親密度最大的時候給予的發動加成

// petskillattack2 skillid, damage, hits, rate, bonusrate;
// 寵物攻擊技能2id,傷害,命中,機率,額外機率
// 和技能1一樣,不同的只有傷害固定,并且有命中率

// petskillsupport skillid, skilllv, delay, hp%, sp%;
// 寵物技能支援id,技能等級,延遲,hp百分比,sp百分比
// 指在HP或SP在百分之幾的范圍內發動技能,延遲用來限制發動頻率


// petheal amount, delay, hp%, sp%;
// 寵物治愈數值,延遲,hp百分比,sp百分比
// 和寵物技能支援類似,主要作用于治愈技能,治愈數值可以變更,延遲用來限制發動頻率

// petrecovery type, delay;
// 寵物治療類型,延遲
// 寵物可以治療的類型(中毒,石化等),延遲用來限制發動頻率

// petskillbonus type, value, duration, delay;
// 寵物額外技能類型,增加量,持久度,延遲
// 可以對玩家進行素質點數的額外獎勵(bStr, bLuk),增加量可以自定,值保持固定.
// 有時間限制,當時間過后將恢復原來的素質點數
// 延遲用來延遲用來限制發動頻率

// 每只寵物對于這些代碼都是支援的,但是一只寵物只能使用一次

// PS: 最大攻擊率(attack_rate), 防御比率(defense_rate)與變換目標(change_target_rate)最大值是10000(即100%).
// 數據格式:
// 魔物ID,英文名稱,中文名稱,物品ID,蛋ID,抓捕ID,食物ID,飽食度,饑餓度延遲,饑餓度,飽食度,親密度,死亡,捕捉成功率,速度,表演,語言,攻擊率,防御率,變換目標率,寵物技能

1002,PORING,波利,619,9001,10013,531,80,20,50,100,250,20,2000,400,1,0,350,400,800,{ petloot 10; }
1011,CHONCHON,蒼蠅,624,9006,10002,537,80,10,30,100,250,20,1500,200,1,0,500,500,250,{ petskillbonus bAgi,4,10,50; }
1014,SPORE,蘑菇,630,9012,10017,537,80,20,30,100,250,20,1500,200,0,0,350,500,500,{ petrecovery SC_Poison,60; }
1019,PECOPECO,大嘴鳥,632,9014,10010,537,80,15,30,100,250,20,1000,200,1,0,400,500,800,{ petskillbonus bSpeedRate,25,20,20; }
1023,ORC_WARRIOR,獸人戰士,635,9017,10009,537,80,12,20,100,250,20,500,200,1,0,600,200,300,{ petskillattack2 158,100,1,0,10; }
1026,MUNAK,僵尸,636,9018,10008,537,80,20,20,100,250,20,500,100,0,0,300,750,300,{ petskillattack2 190,444,1,0,10; }
1029,ISIS,蛇女伊絲,639,9021,10006,537,80,20,10,100,250,20,500,200,0,0,650,450,150,{ petskillsupport 74,2,60,50,50; }
1031,POPORING,波波利,621,9003,10013,511,80,12,30,100,250,20,1000,300,1,0,300,500,400,{ petloot 15; }
1035,HUNTER_FLY,赤蒼蠅,626,9008,10002,716,80,12,10,100,250,20,500,150,1,0,500,500,200,{ petskillattack2 187,888,2,0,10;}
1042,STEEL_CHONCHON,綠蒼蠅,625,9007,10002,1002,80,12,20,100,250,20,1000,150,1,0,500,500,200,{ petskillbonus bAgiVit,4,20,40; }
1049,PICKY,小雞,623,9005,10012,507,80,15,40,100,250,20,2000,200,1,0,500,600,50,{ petskillbonus bStr,3,10,50;}
1052,ROCKER,搖滾蝗蟲,629,9011,10014,537,80,60,30,100,250,20,1500,200,0,0,350,350,600,{ petskillbonus bAllStats,1,10,50;}
1056,SMOKIE,貍貓,633,9015,10019,537,80,15,30,100,250,20,1000,200,1,0,600,600,100,{ bonus bPerfectHide,1; }
1057,YOYO,溜溜猴,634,9016,10018,532,80,12,20,100,250,20,1000,200,1,0,300,800,400,{ petloot 20; }
1063,LUNATIC,瘋兔,622,9004,10007,534,80,15,40,100,250,20,1500,200,0,0,300,300,1000,{ petskillbonus bLuk,3,10,50; }
1077,POISON_SPORE,毒魔菇,631,9013,10017,537,80,20,20,100,250,20,1000,200,0,0,600,200,400,{ petskillattack 176,20,0,10; }
1101,BAPHOMET_Jr,小巴風特.,642,9024,10001,518,80,30,10,100,250,20,200,100,0,0,1000,100,200,{ petskillattack2 190,1776,4,0,5; }
1107,DESERT_WOLF_B,沙漠幼狼,628,9010,10003,537,80,10,40,100,250,20,1000,300,0,0,400,400,400,{ petskillattack 6,1,0,5;}
1109,DEVIRUCHI,小惡魔,641,9023,10004,711,80,30,10,100,250,20,500,150,0,0,800,200,100,{ petskillbonus bAgiDexStr,6,20,40; }
1110,DOKEBI,土人,637,9019,10005,537,80,15,20,100,250,20,500,250,0,0,300,300,800,{ petskillattack 110,1,0,10; }
1113,DROPS,土波利,620,9002,10013,508,80,15,40,100,250,20,1500,400,1,0,300,400,500,{ petloot 10; }
1155,PETIT,畢帝特地龍,640,9022,10011,537,80,15,20,100,250,20,500,200,0,0,800,400,100,{ petskillattack2 91,500,1,0,10; }
1167,SAVAGE_BABE,小野豬,627,9009,10015,537,80,9,40,100,250,20,1500,400,0,0,500,500,200,{ petskillbonus bVit,4,10,50; }
1170,SOHEE,鬼女,638,9020,10016,537,80,20,10,100,250,20,500,300,0,0,100,1000,200,{ petheal 400,60,33,100; }
1188,BON_GUN,妖道,659,9025,10020,537,80,20,10,100,250,20,500,200,1,0,600,200,400,{ petskillattack2 190,555,1,1,1; }
1200,ZHERLTHSH,艾斯恩魔女,660,9026,0,929,80,20,10,100,250,20,50,200,0,0,1000,100,500,{ petskillattack 136,1,0,3; }
1275,ALICE,愛麗絲女僕,661,9027,0,504,80,20,10,100,250,20,100,200,0,0,100,1000,200,{ petskillsupport 28,5,60,25,100; }

//=  CSS25 Custom Human Pets  =
1760,NOVICE,Novice,15000,9028,0,537,80,12,1,100,1000,1,1000,200,1,1,10000,10000,10000,{ petskillattack 183,10,0,100; } 
1761,SWORDMAN,Swordman,15001,9029,0,537,80,12,1,100,1000,1,1000,200,1,1,10000,10000,10000,{ petskillattack 7,10,0,100; }
1762,MAGICIAN,Magician,15002,9030,0,537,80,12,1,100,1000,1,1000,200,1,1,10000,10000,10000,{ petskillattack 20,10,0,100; }
1763,ARCHER,Archer,15003,9031,0,537,80,12,1,100,1000,1,1000,200,1,1,10000,10000,10000,{ petskillattack 46,10,0,100; }
1764,ACOLYTE,Acolyte,15004,9032,10022,537,80,12,1,100,1000,1,1000,200,1,1,10000,10000,10000,{ petheal 5000,5,100,100; }
1765,MERCHANT,Merchant,15005,9033,0,537,80,12,1,100,1000,1,1000,200,1,1,10000,10000,10000,{ petskillattack 42,5,0,100; }
1766,THIEF,Thief,15006,9034,0,537,80,12,1,100,1000,1,1000,200,1,1,10000,10000,10000,{ petskillattack 149,1,0,100; }

1767,KNIGHT,Knight,15007,9035,0,537,80,20,50,100,250,20,1000,200,1,0,100,100,100,{ petskillattack 7,10,0,100; }
1768,PRIEST,Priest,15008,9036,0,537,80,12,1,100,1000,1,1000,200,1,1,10000,10000,10000,{ petheal 10000,5,100,100; petskillattack 156,10,0,100; }
1769,WIZARD,Wizard,15009,9037,0,537,80,12,1,100,1000,1,1000,200,1,1,10000,10000,10000,{ petskillattack2 89,5000,100,0,100; }
1770,BLACKSMITH,Blacksmith,15010,9038,0,537,80,12,1,100,1000,1,1000,200,1,1,10000,10000,10000,{ petskillattack 42,5,0,100; }
1771,HUNTER,Hunter,15011,9039,0,537,80,12,1,100,1000,1,1000,200,1,1,10000,10000,10000,{ petskillattack 1009,10,0,100; }  //petskillattack2 129,5000,100,0,100;
1772,ASSASSIN,Assassin,15012,9040,0,537,80,12,1,100,1000,1,1000,200,1,1,10000,10000,10000,{ petskillattack2 136,5000,100,0,100; }
1773,KNIGHT_PECO,Knight Peco,15013,9041,0,537,80,12,1,100,1000,1,1000,200,1,1,10000,10000,10000,{ petskillattack 7,10,0,100; }
1774,CRUSADER,Crusader,15014,9042,0,537,80,12,1,100,1000,1,1000,200,1,1,10000,10000,10000,{ petskillattack 254,10,0,100; }
1775,MONK,Monk,15015,9043,0,537,80,12,1,100,1000,1,1000,200,1,1,10000,10000,10000,{ petskillattack 271,1000,0,100; }
1776,SAGE,Sage,15016,9044,0,537,80,12,1,100,1000,1,1000,200,1,1,10000,10000,10000,{ petskillattack 84,10,0,100; }
1777,ROUGE,Rouge,15017,9045,0,537,80,12,1,100,1000,1,1000,200,1,1,10000,10000,10000,{ petskillattack 212,10,0,100; }
1778,ALCHEMIST,Alchemist,15018,9046,0,537,80,12,1,100,1000,1,1000,200,1,1,10000,10000,10000,{ petskillattack 230,5,0,100; }
1779,BARD,Bard,15019,9047,0,537,80,20,50,100,250,20,1000,200,1,0,100,100,100,{ petskillattack 316,5,0,100; }
1780,DANCER,Dancer,15020,9048,0,537,80,12,1,100,1000,1,1000,200,1,1,10000,10000,10000,{ petskillattack 324,5,0,100; }
1781,CRUSADER_PECO,Crusader Peco,15021,9049,0,537,80,12,1,100,1000,1,1000,200,1,1,10000,10000,10000,{ petskillattack 254,10,0,100; }
1782,SUPER_NOVICE,Super Novice,15022,9050,0,537,80,12,1,100,1000,1,1000,200,1,1,10000,10000,10000,{ petskillattack 19,10,0,100; }

1783,NOVICE_HIGH,Novice High,15023,9051,0,537,80,12,1,100,1000,1,1000,200,1,1,10000,10000,10000,{ petskillattack 183,5,0,100; }
1784,SWORDMAN_HIGH,Sowrdman High,15024,9052,0,537,80,12,1,100,1000,1,1000,200,1,1,10000,10000,10000,{ petskillattack 7,10,0,100; }
1785,MAGICIAN_HIGH,Magician High,15025,9053,0,537,80,12,1,100,1000,1,1000,200,1,1,10000,10000,10000,{ petskillattack 13,10,0,100; }
1786,ARCHER_HIGH,Archer High,15026,9054,0,537,80,12,1,100,1000,1,1000,200,1,1,10000,10000,10000,{ petskillattack 46,10,0,100; }
1787,ACOLYTE_HIGH,Acolyte High,15027,9055,0,537,80,12,1,100,1000,1,1000,200,1,1,10000,10000,10000,{ petheal 5000,5,100,100; }
1788,MERCHANT_HIGH,Merchant High,15028,9056,0,537,80,12,1,100,1000,1,1000,200,1,1,10000,10000,10000,{ petskillattack 42,5,0,100; }
1789,THIEF_HIGH,Thief High,15029,9057,0,537,80,12,1,100,1000,1,1000,200,1,1,10000,10000,10000,{ petskillattack 149,1,0,100; }

1790,LORD_KNIGHT,Lord Knight,15030,9058,0,537,80,12,1,100,1000,1,1000,200,1,1,10000,10000,10000,{ petskillattack 397,10,0,100; }
1791,HIGH_PRIEST,High Priest,15031,9059,0,537,80,12,1,100,1000,1,1000,200,1,1,10000,10000,10000,{ petheal 20000,5,100,100; }
1792,HIGH_WIZARD,High Wizard,15032,9060,0,537,80,12,1,100,1000,1,1000,200,1,1,10000,10000,10000,{ petskillattack 400,10,0,100; }
1793,WHITESMITH,Whitesmith,15033,9061,0,537,80,12,1,100,1000,1,1000,200,1,1,10000,10000,10000,{ petskillattack 485,10,0,100; }
1794,SNIPER,Sniper,15034,9062,0,537,80,12,1,100,1000,1,1000,200,1,1,10000,10000,10000,{ petskillattack 381,10,0,100; }
1795,ASSASSIN_CROSS,Assassin Cross,15035,9063,0,537,80,12,1,100,1000,1,1000,200,1,1,10000,10000,10000,{ petskillattack 379,10,0,100; }
1796,PALADIN,Paladin,15036,9064,0,537,80,12,1,100,1000,1,1000,200,1,1,10000,10000,10000,{ petskillattack 254,10,0,100; }
1797,CHAMPION,Champion,15037,9065,0,537,80,12,1,100,1000,1,1000,200,1,1,10000,10000,10000,{ petskillattack 372,10,0,100; } 
1798,PROFESSOR,Professor,15038,9066,0,537,80,12,1,100,1000,1,1000,200,1,1,10000,10000,10000,{ petskillattack 482,10,0,100; }
1799,STALKER,Stalker,15039,9067,0,537,80,12,1,100,1000,1,1000,200,1,1,10000,10000,10000,{ petskillattack 212,10,0,100; }
1800,CREATOR,Creator,15040,9068,0,537,80,12,1,100,1000,1,1000,200,1,1,10000,10000,10000,{ petskillattack 490,100,0,100; }
1801,CLOWN,Clown,15041,9069,0,537,80,12,1,100,1000,1,1000,200,1,1,10000,10000,10000,{ petskillattack 394,10,0,100; }
1802,GYPSY,Gypsy,15042,9070,0,537,80,12,1,100,1000,1,1000,200,1,1,10000,10000,10000,
1803,TAEKWON,Taekwon,15043,9071,0,537,80,12,1,100,1000,1,1000,200,1,1,10000,10000,10000,{ petskillattack 419,10,0,100; }
1804,STAR_GLADIATOR,Star Gladiator,15044,9072,0,537,80,12,1,100,1000,1,1000,200,1,1,10000,10000,10000,{ petskillattack 413,10,0,100; }
1805,FLYING_STAR_GLADIATOR,Flying Star Gladiator,15045,9073,0,537,80,12,1,100,1000,1,1000,200,1,1,10000,10000,10000,{ petskillattack 415,10,0,100; }
1806,SOUL_LINKER,Soul Linker,15046,9074,0,537,80,12,1,100,1000,1,1000,200,1,1,10000,10000,10000,{ petskillattack 469,100,0,100; }

//Female
1807,FEMALE_NOVICE,Female Novice,15047,9075,0,537,80,20,50,100,250,20,1000,200,1,0,100,100,100,{ petskillattack 183,5,0,100; }
1808,FEMALE_SWORDMAN,Female Swordman,15048,9076,0,537,80,20,50,100,250,20,1000,200,1,0,100,100,100,{ petskillattack 7,10,0,100; }
1809,FEMALE_MAGICIAN,Female Magician,15049,9077,0,537,80,12,1,100,1000,1,1000,200,1,1,10000,10000,10000,{ petskillattack 13,10,0,100; }
1810,ARCHERESS,Archeress,15050,9078,0,537,80,12,1,100,1000,1,1000,200,1,1,10000,10000,10000,{ petskillattack 46,10,0,100; }
1811,FEMALE_ACOLYTE,Female Acolyte,15051,9079,0,537,80,12,1,100,1000,1,1000,200,1,1,10000,10000,10000,{ petheal 5000,5,100,100; }
1812,FEMALE_MERCHANT,Female Merchant,15052,9080,0,537,80,12,1,100,1000,1,1000,200,1,1,10000,10000,10000,{ petskillattack 42,5,0,100; }
1813,FEMALE_THIEF,Female Thief,15053,9081,0,537,80,12,1,100,1000,1,1000,200,1,1,10000,10000,10000,{ petskillattack 149,1,0,100; }
1814,FEMALE_KNIGHT,Female Knight,15054,9082,0,537,80,12,1,100,1000,1,1000,200,1,1,10000,10000,10000,{ petskillattack 7,10,0,100; }
1815,PRIESTESS,Priestess,15055,9083,0,537,80,12,1,100,1000,1,1000,200,1,1,10000,10000,10000,{ petheal 10000,3,100,100; }
1816,FEMALE_WIZARD,Female Wizard,15056,9084,0,537,80,12,1,100,1000,1,1000,200,1,1,10000,10000,10000,{ petskillattack 89,10,0,100;  }
1817,FEMALE_BLACKSMITH,Female Blacksmith,15057,9085,0,537,80,12,1,100,1000,1,1000,200,1,1,10000,10000,10000,{ petskillattack 42,5,0,100; }
1818,FEMALE_HUNTER,Female Hunter,15058,9086,0,537,80,12,1,100,1000,1,1000,200,1,1,10000,10000,10000,{ petskillattack 129,5,0,100; }
1819,FEMALE_ASSASSIN,Female Assassin,15059,9087,0,537,80,12,1,100,1000,1,1000,200,1,1,10000,10000,10000,{ petskillattack 136,10,0,100; }
1820,FEMALE_KNIGHT_PECO,Female Knight Peco,15060,9088,0,537,80,12,1,100,1000,1,1000,200,1,1,10000,10000,10000,{ petskillattack 7,10,0,100; }
1821,FEMALE_CRUSADER,Female Crusader,15061,9089,0,537,80,12,1,100,1000,1,1000,200,1,1,10000,10000,10000,{ petskillattack 254,10,0,100; }
1822,FEMALE_MONK,Female Monk,15062,9090,0,537,80,12,1,100,1000,1,1000,200,1,1,10000,10000,10000,{ petskillattack 271,5,0,100; }
1823,FEMALE_SAGE,Female Sage,15063,9091,0,537,80,12,1,100,1000,1,1000,200,1,1,10000,10000,10000,{ petskillattack 84,10,0,100; }
1824,FEMALE_ROGUE,Female Rogue,15064,9092,0,537,80,12,1,100,1000,1,1000,200,1,1,10000,10000,10000,{ petskillattack 212,10,0,100; }
1825,FEMALE_ALCHEMIST,Female Alchemist,15065,9093,0,537,80,12,1,100,1000,1,1000,200,1,1,10000,10000,10000,{ petskillattack 230,5,0,100; }
1826,FEMALE_CRUSADER_PECO,Female Crusader Peco,15066,9094,0,537,80,12,1,100,1000,1,1000,200,1,1,10000,10000,10000,{ petskillattack 254,10,0,100; }

1827,FEMALE_SUPER_NOVICE,Female Super Novice,15067,9095,0,537,80,12,1,100,1000,1,1000,200,1,1,10000,10000,10000,{ petskillattack 19,10,0,100; }

1828,FEMALE_NOVICE_HIGH,Female Novice High,15068,9096,0,537,80,12,1,100,1000,1,1000,200,1,1,10000,10000,10000,{ petskillattack 183,5,0,100; }
1829,FEMALE_SWORDMAN_HIGH,Female Swordman High,15069,9097,0,537,80,12,1,100,1000,1,1000,200,1,1,10000,10000,10000,{ petskillattack 7,10,0,100; }
1830,FEMALE_MAGICIAN_HIGH,Female Magician High,15070,9098,0,537,80,12,1,100,1000,1,1000,200,1,1,10000,10000,10000,{ petskillattack 13,10,0,100; }
1831,ARCHERESS_HIGH,Archeress High,15071,9099,0,537,80,12,1,100,1000,1,1000,200,1,1,10000,10000,10000,{ petskillattack 46,10,0,100; }
1832,FEMALE_ACOLYTE_HIGH,Female Acolyte High,15072,9100,0,537,80,12,1,100,1000,1,1000,200,1,1,10000,10000,10000,{ petheal 5000,5,100,100; }
1833,FEMALE_MERCHANT_HIGH,Female Merchant,15073,9101,0,537,80,12,1,100,1000,1,1000,200,1,1,10000,10000,10000,{ petskillattack 42,5,0,100; }
1834,FEMALE_THIEF_HIGH,Female Thief High,15074,9102,0,537,80,12,1,100,1000,1,1000,200,1,1,10000,10000,10000,{ petskillattack 149,1,0,100; }
1835,FEMALE_LORD_KNIGHT,Female Lord Knight,15075,9103,0,537,80,12,1,100,1000,1,1000,200,1,1,10000,10000,10000,{ petskillattack 397,10,0,100; }
1836,HIGH_PRIESTESS,High Priestess,15076,9104,0,537,80,12,1,100,1000,1,1000,200,1,1,10000,10000,10000,{ petheal 15000,5,100,100; }
1837,FEMALE_HIGH_WIZARD,Female High Wizard,15077,9105,0,537,80,12,1,100,1000,1,1000,200,1,1,10000,10000,10000,{ petskillattack2 89,3000,1,1,1; }
1838,FEMALE_WHITESMITH,Female Whitesmith,15078,9106,0,537,80,12,1,100,1000,1,1000,200,1,1,10000,10000,10000,{ petskillattack2 485,3000,1,1,1; }
1839,FEMALE_SNIPER,Female Sniper,15079,9107,0,537,80,12,1,100,1000,1,1000,200,1,1,10000,10000,10000,{ petskillattack2 381,4000,1,1,1; }
1840,FEMALE_ASSASSIN_CROSS,Female Assassin Cross,15080,9108,0,537,80,12,1,100,1000,1,1000,200,1,1,10000,10000,10000,{ petskillattack 379,10,0,100; }
1841,FEMALE_PALADIN,Female Paladin,15081,9109,0,537,80,12,1,100,1000,1,1000,200,1,1,10000,10000,10000,{ petskillattack 254,10,0,100; }
1842,FEMALE_CHAMPION,Female Champion,15082,9110,0,537,80,12,1,100,1000,1,1000,200,1,1,10000,10000,10000,{ petskillattack 271,10,0,100; }
1843,FEMALE_FEMALE_PROFESSOR,Female Professor,15083,9111,0,537,80,12,1,100,1000,1,1000,200,1,1,10000,10000,10000,{ petskillattack 85,10,0,100; }
1844,FEMALE_STALKER,Female Stalker,15084,9112,0,537,80,12,1,100,1000,1,1000,200,1,1,10000,10000,10000,{ petskillattack2 212,3000,1,1,1; }
1845,FEMALE_CREATOR,Female Creator,15085,9113,0,537,80,12,1,100,1000,1,1000,200,1,1,10000,10000,10000,{ petskillattack 490,10,0,100; }
1846,FEMALE_TAEKWON,Female Taekwon,15086,9114,0,537,80,12,1,100,1000,1,1000,200,1,1,10000,10000,10000,{ petskillattack2 419,3000,1,1,1; }
1847,FEMALE_STAR_GLADIATOR,Female Star Gladiator,15087,9115,0,537,80,12,1,100,1000,1,1000,200,1,1,10000,10000,10000,{ petskillattack2 429,3000,1,1,1; }
1848,FEMALE_FLYING_STAR_GLADIATOR,Female Flying Star Gladiator,15088,9116,0,537,80,20,50,100,250,20,1000,200,1,0,100,100,1000,{ petskillattack2 429,3000,1,1,1; }
1849,FEMALE_SOUL_LINKER,Female Soul Linker,15089,9117,0,537,80,12,1,100,1000,1,1000,200,1,1,10000,10000,10000,{ petskillattack 469,100,0,100; }

1850,BABY_NOVICE,Novice,619,9118,0,537,80,12,1,100,1000,1,1000,200,1,1,10000,10000,10000,{ petskillattack 183,5,0,100; } 
1851,BABY_SWORDMAN,Baby Swordman,619,9119,0,537,80,12,1,100,1000,1,1000,200,1,1,10000,10000,10000,{ petskillattack 7,10,0,100; }
1852,BABY_MAGICIAN,Baby Magician,619,9120,0,537,80,12,1,100,1000,1,1000,200,1,1,10000,10000,10000,{ petskillattack 13,10,0,100; }
1853,BABY_ARCHER,Baby Archer,619,9121,0,537,80,12,1,100,1000,1,1000,200,1,1,10000,10000,10000,{ petskillattack 46,10,0,100; }
1854,BABY_ACOLYTE,Baby Acolyte,619,9122,0,537,80,12,1,100,1000,1,1000,200,1,1,10000,10000,10000,{ petheal 5000,5,100,100; }
1855,BABY_MERCHANT,Baby Merchant,619,9123,0,537,80,12,1,100,1000,1,1000,200,1,1,10000,10000,10000,{ petskillattack 42,5,0,100; }
1856,BABY_THIEF,Baby Thief,619,9124,0,537,80,12,1,100,1000,1,1000,200,1,1,10000,10000,10000,{ petskillattack 149,1,0,100; }
1857,BABY_KNIGHT,Baby Knight,619,9125,0,537,80,20,50,100,250,20,1000,200,1,0,100,100,100,{ petskillattack 7,10,0,100; }
1858,BABY_PRIEST,Baby Priest,619,9126,0,537,80,12,1,100,1000,1,1000,200,1,1,10000,10000,10000,{ petheal 10000,5,100,100; }
1859,BABY_WIZARD,Baby Wizard,619,9127,0,537,80,12,1,100,1000,1,1000,200,1,1,10000,10000,10000,{ petskillattack2 89,5000,100,0,100; }
1860,BABY_BLACKSMITH,Baby Blacksmith,619,9128,0,537,80,20,50,100,250,20,1000,200,1,0,100,100,100,{ petskillattack 42,10,0,100; }
1861,BABY_HUNTER,Baby Hunter,619,9129,0,537,80,12,1,100,1000,1,1000,200,1,1,10000,10000,10000,{ petskillattack2 129,5000,100,0,100; }
1862,BABY_ASSASSIN,Baby Assassin,619,9130,0,537,80,12,1,100,1000,1,1000,200,1,1,10000,10000,10000,{ petskillattack2 136,5000,100,0,100; }
1863,BABY_KNIGHT_PECO,Baby Knight Peco,619,9131,0,537,80,12,1,100,1000,1,1000,200,1,1,10000,10000,10000,{ petskillattack 7,10,0,100; }
1864,BABY_CRUSADER,Baby Crusader,619,9132,0,537,80,12,1,100,1000,1,1000,200,1,1,10000,10000,10000,{ petskillattack 254,10,0,100; }
1865,BABY_MONK,Baby Monk,619,9133,0,537,80,12,1,100,1000,1,1000,200,1,1,10000,10000,10000,{ petskillattack 271,5,0,100; }
1866,BABY_SAGE,Baby Sage,619,9134,0,537,80,12,1,100,1000,1,1000,200,1,1,10000,10000,10000,{ petskillattack 84,10,0,100; }
1867,BABY_ROUGE,Baby Rouge,619,9135,0,537,80,12,1,100,1000,1,1000,200,1,1,10000,10000,10000,{ petskillattack 212,10,0,100; }
1868,BABY_ALCHEMIST,Baby Alchemist,619,9136,0,537,80,12,1,100,1000,1,1000,200,1,1,10000,10000,10000,{ petskillattack 230,5,0,100; }
1869,BABY_BARD,Baby Bard,619,9137,0,537,80,20,50,100,250,20,1000,200,1,0,100,100,100,{ petskillattack 316,5,0,100; }
1870,BABY_CRUSADER_PECO,Baby Crusader Peco,619,9138,0,537,80,12,1,100,1000,1,1000,200,1,1,10000,10000,10000,{ petskillattack 254,10,0,100; }
1871,BABY_SUPER_NOVICE,Baby Super Novice,619,9139,0,537,80,12,1,100,1000,1,1000,200,1,1,10000,10000,10000,{ petskillattack 19,10,0,100; }
1872,BABY_NOVICE,Novice,619,9140,0,537,80,12,1,100,1000,1,1000,200,1,1,10000,10000,10000,{ petskillattack 183,5,0,100; } 
1873,BABY_SWORDMAN,Baby Swordman,619,9141,0,537,80,12,1,100,1000,1,1000,200,1,1,10000,10000,10000,{ petskillattack 7,10,0,100; }
1874,BABY_MAGICIAN,Baby Magician,619,9142,0,537,80,12,1,100,1000,1,1000,200,1,1,10000,10000,10000,{ petskillattack 13,10,0,100; }
1875,BABY_ARCHER,Baby Archer,619,9143,0,537,80,12,1,100,1000,1,1000,200,1,1,10000,10000,10000,{ petskillattack 46,10,0,100; }
1876,BABY_ACOLYTE,Baby Acolyte,619,9144,0,537,80,12,1,100,1000,1,1000,200,1,1,10000,10000,10000,{ petheal 5000,5,100,100; }
1877,BABY_MERCHANT,Baby Merchant,619,9145,0,537,80,12,1,100,1000,1,1000,200,1,1,10000,10000,10000,{ petskillattack 42,5,0,100; }
1878,BABY_THIEF,Baby Thief,619,9146,0,537,80,12,1,100,1000,1,1000,200,1,1,10000,10000,10000,{ petskillattack 149,1,0,100; }
1879,BABY_KNIGHT,Baby Knight,619,9147,0,537,80,20,50,100,250,20,1000,200,1,0,100,100,100,{ petskillattack 7,10,0,100; }
1880,BABY_PRIEST,Baby Priest,619,9148,0,537,80,12,1,100,1000,1,1000,200,1,1,10000,10000,10000,{ petheal 10000,5,100,100; }
1881,BABY_WIZARD,Baby Wizard,619,9149,0,537,80,12,1,100,1000,1,1000,200,1,1,10000,10000,10000,{ petskillattack2 89,5000,100,0,100; },{ petskillattack2 83,5000,100,0,100; }
1882,BABY_BLACKSMITH,Baby Blacksmith,619,9150,0,537,80,20,50,100,250,20,1000,200,1,0,100,100,100,{ petskillattack 42,10,0,100; }
1883,BABY_HUNTER,Baby Hunter,619,9151,0,537,80,12,1,100,1000,1,1000,200,1,1,10000,10000,10000,{ petskillattack2 129,5000,100,0,100; }
1884,BABY_ASSASSIN,Baby Assassin,619,9152,0,537,80,12,1,100,1000,1,1000,200,1,1,10000,10000,10000,{ petskillattack2 136,5000,100,0,100; }
1885,BABY_KNIGHT_PECO,Baby Knight Peco,619,9153,0,537,80,12,1,100,1000,1,1000,200,1,1,10000,10000,10000,{ petskillattack 7,10,0,100; }
1886,BABY_CRUSADER,Baby Crusader,619,9154,0,537,80,12,1,100,1000,1,1000,200,1,1,10000,10000,10000,{ petskillattack 254,10,0,100; }
1887,BABY_MONK,Baby Monk,619,9155,0,537,80,12,1,100,1000,1,1000,200,1,1,10000,10000,10000,{ petskillattack 271,5,0,100; }
1888,BABY_SAGE,Baby Sage,619,9156,0,537,80,12,1,100,1000,1,1000,200,1,1,10000,10000,10000,{ petskillattack 84,10,0,100; }
1889,BABY_ROUGE,Baby Rouge,619,9157,0,537,80,12,1,100,1000,1,1000,200,1,1,10000,10000,10000,{ petskillattack 212,10,0,100; }
1890,BABY_ALCHEMIST,Baby Alchemist,619,9158,0,537,80,12,1,100,1000,1,1000,200,1,1,10000,10000,10000,{ petskillattack 230,5,0,100; }
1891,BABY_BARD,Baby Bard,619,9159,0,537,80,20,50,100,250,20,1000,200,1,0,100,100,100,{ petskillattack 316,5,0,100; }
1892,BABY_DANCER,BABY Dancer,619,9160,0,537,80,12,1,100,1000,1,1000,200,1,1,10000,10000,10000,{ petskillattack 324,5,0,100; }
1893,BABY_CRUSADER_PECO,Baby Crusader Peco,619,9161,0,537,80,12,1,100,1000,1,1000,200,1,1,10000,10000,10000,{ petskillattack 254,10,0,100; }
1894,BABY_SUPER_NOVICE,Baby Super Novice,619,9162,0,537,80,12,1,100,1000,1,1000,200,1,1,10000,10000,10000,{ petskillattack 19,10,0,100; }

1895,GROOM,Groom,15090,9163,0,537,80,12,1,100,1000,1,1000,200,1,1,10000,10000,10000,{ petskillsupport 28,10,10,100,100; }
1896,BRIDE,Bride,15091,9164,0,537,80,12,1,100,1000,1,1000,200,1,1,10000,10000,10000,{ petskillsupport 28,10,10,100,100; }

